# Mon 18:20:43 09-May-2022
begin	arc_argon
	task	fitcoords
	axis	1
	units	angstroms
	surface	28
		2.
		5.
		4.
		1.
		1.
		1024.
		1.
		750.9999999999999
		11976.39582309726
		3137.89956687288
		51.14855465122982
		-14.80406253854583
		1.364823578079931
		-1.12013868312966
		0.8845280660255607
		0.02683562924606197
		-0.03111793069883557
		0.09528228831132798
		9.7475574914982
		-11.88556967517351
		-0.4388970645250696
		0.005037375004524117
		0.03271292008742679
		-0.9296492012756651
		0.1892707631201097
		0.06699427159058172
		-0.1509103165387301
		-0.103214848311258
