# Thu 15:24:18 07-Mar-2024
begin	oh_skylines
	task	fitcoords
	axis	1
	units	angstroms
	surface	33
		2.
		5.
		5.
		1.
		1.
		1024.
		1.
		750.9999999999999
		11978.64807994522
		3127.377556924388
		66.14454799309927
		-30.36853063603399
		6.268028921380568
		-1.230117824534151
		1.200470613881326
		-0.7265007196992359
		0.4151808266326935
		-0.4127286196869456
		9.642235843581433
		-11.93394014575064
		-0.2128886109050241
		-0.6086979225116079
		0.345719932181268
		-1.053711158045295
		0.5918001227906419
		-0.6844749728965016
		0.7217756767491389
		-0.3586977240526769
		-0.003073490630923048
		-0.4002540618827093
		0.6821770057126853
		-0.7331699496690491
		0.3131975136909916
