# Mon 18:16:39 09-May-2022
begin	identify arc_argon[*,300]
	id	arc_argon
	task	identify
	image	arc_argon[*,300]
	units	Angstroms 
	features	13
	         59.05 9226.67447    9227.03   4.0 1 1 
	        133.88  9660.7375    9660.43   4.0 1 1 
	        271.05 10473.3817   10472.92   4.0 1 1 
	        438.60 11490.5895    11491.2   4.0 1 1 120
	        468.11 11672.0264    11671.9   4.0 1 1 200
	        577.23 12347.6632    12346.8   4.0 1 1 30
	        650.57 12805.2099    12806.2   4.0 1 1 200
	        683.50 13011.3744    13011.8   4.0 1 1 200
	        740.70 13370.2295    13370.8   4.0 1 1 1000
	        762.58 13507.7365    13507.9   4.0 1 1 1000
	        796.81 13722.9883    13722.3   4.0 1 1 1000
	        856.48 14098.6568    14097.5   4.0 1 1 150
	       1007.62 15050.1118    15050.6   4.0 1 1 100
	function legendre
	order 4
	sample *
	naverage 1
	niterate 0
	low_reject 3.
	high_reject 3.
	grow 0.
	coefficients	8
		2.
		4.
		59.04646301269531
		1007.624877929687
		12096.18185251133
		2923.054420109687
		42.21126825572597
		-11.33576835378033

# Mon 18:18:25 09-May-2022
begin	identify arc_argon[*,280]
	id	arc_argon
	task	identify
	image	arc_argon[*,280]
	units	Angstroms 
	features	13
	         58.97 9226.92885    9227.03   4.0 1 1 
	        133.72 9660.40162    9660.43   4.0 1 1 
	        270.98 10473.3754   10472.92   4.0 1 1 
	        438.57 11490.7596    11491.2   4.0 1 1 120
	        467.99 11671.6301    11671.9   4.0 1 1 200
	        577.24 12348.0237    12346.8   4.0 1 1 30
	        650.59 12805.5645    12806.2   4.0 1 1 200
	        683.45 13011.2397    13011.8   4.0 1 1 200
	        740.73 13370.4792    13370.8   4.0 1 1 1000
	        762.57 13507.7209    13507.9   4.0 1 1 1000
	        796.76 13722.6556    13722.3   4.0 1 1 1000
	        856.46 14098.2799    14097.5   4.0 1 1 150
	       1007.81 15050.3209    15050.6   4.0 1 1 100
	function legendre
	order 4
	sample *
	naverage 1
	niterate 0
	low_reject 3.
	high_reject 3.
	grow 0.
	coefficients	8
		2.
		4.
		58.96603393554686
		1007.805419921875
		12096.68513211583
		2923.255487020943
		41.93973069403894
		-11.55947105430215

# Mon 18:18:26 09-May-2022
begin	identify arc_argon[*,260]
	id	arc_argon
	task	identify
	image	arc_argon[*,260]
	units	Angstroms 
	features	13
	         58.77 9226.73766    9227.03   4.0 1 1 
	        133.61 9660.69895    9660.43   4.0 1 1 
	        270.83 10473.3606   10472.92   4.0 1 1 
	        438.42 11490.5745    11491.2   4.0 1 1 120
	        467.89 11671.7565    11671.9   4.0 1 1 200
	        577.07 12347.5523    12346.8   4.0 1 1 30
	        650.55 12805.8659    12806.2   4.0 1 1 200
	        683.43 13011.5582    13011.8   4.0 1 1 200
	        740.66 13370.4551    13370.8   4.0 1 1 1000
	        762.48 13507.5283    13507.9   4.0 1 1 1000
	        796.73  13722.858    13722.3   4.0 1 1 1000
	        856.37  14098.098    14097.5   4.0 1 1 150
	       1007.74  15050.336    15050.6   4.0 1 1 100
	function legendre
	order 4
	sample *
	naverage 1
	niterate 0
	low_reject 3.
	high_reject 3.
	grow 0.
	coefficients	8
		2.
		4.
		58.76593780517578
		1007.739501953125
		12096.52670520917
		2923.248166968511
		42.0101200508167
		-11.44900279720485

# Mon 18:18:27 09-May-2022
begin	identify arc_argon[*,240]
	id	arc_argon
	task	identify
	image	arc_argon[*,240]
	units	Angstroms 
	features	13
	         58.60 9226.84907    9227.03   4.0 1 1 
	        133.40 9660.49092    9660.43   4.0 1 1 
	        270.69 10473.4158   10472.92   4.0 1 1 
	        438.33 11490.7105    11491.2   4.0 1 1 120
	        467.79 11671.7377    11671.9   4.0 1 1 200
	        577.03 12347.7655    12346.8   4.0 1 1 30
	        650.49 12805.7117    12806.2   4.0 1 1 200
	        683.35 13011.2775    13011.8   4.0 1 1 200
	        740.64 13370.4121    13370.8   4.0 1 1 1000
	        762.48 13507.5137    13507.9   4.0 1 1 1000
	        796.72  13722.702    13722.3   4.0 1 1 1000
	        856.49 14098.5647    14097.5   4.0 1 1 150
	       1007.85 15050.2289    15050.6   4.0 1 1 100
	function legendre
	order 4
	sample *
	naverage 1
	niterate 0
	low_reject 3.
	high_reject 3.
	grow 0.
	coefficients	8
		2.
		4.
		58.59745025634765
		1007.852416992187
		12096.75462345724
		2923.186182067199
		41.78437009808664
		-11.49625927704077

# Mon 18:18:28 09-May-2022
begin	identify arc_argon[*,220]
	id	arc_argon
	task	identify
	image	arc_argon[*,220]
	units	Angstroms 
	features	13
	         58.40 9226.78605    9227.03   4.0 1 1 
	        133.23 9660.65453    9660.43   4.0 1 1 
	        270.48 10473.2388   10472.92   4.0 1 1 
	        438.17 11490.5804    11491.2   4.0 1 1 120
	        467.71 11672.0733    11671.9   4.0 1 1 200
	        576.90 12347.5831    12346.8   4.0 1 1 30
	        650.38  12805.572    12806.2   4.0 1 1 200
	        683.30 13011.4094    13011.8   4.0 1 1 200
	        740.59 13370.4577    13370.8   4.0 1 1 1000
	        762.45 13507.7043    13507.9   4.0 1 1 1000
	        796.68 13722.7215    13722.3   4.0 1 1 1000
	        856.41 14098.3179    14097.5   4.0 1 1 150
	       1007.82 15050.2811    15050.6   4.0 1 1 100
	function legendre
	order 4
	sample *
	naverage 1
	niterate 0
	low_reject 3.
	high_reject 3.
	grow 0.
	coefficients	8
		2.
		4.
		58.39865112304687
		1007.820678710938
		12096.74481355646
		2923.098625825086
		41.78876027505135
		-11.35110517409175

# Mon 18:18:29 09-May-2022
begin	identify arc_argon[*,200]
	id	arc_argon
	task	identify
	image	arc_argon[*,200]
	units	Angstroms 
	features	13
	         58.10 9226.79603    9227.03   4.0 1 1 
	        132.97 9660.60189    9660.43   4.0 1 1 
	        270.30 10473.3381   10472.92   4.0 1 1 
	        438.08 11490.8713    11491.2   4.0 1 1 120
	        467.49 11671.5216    11671.9   4.0 1 1 200
	        576.84  12347.877    12346.8   4.0 1 1 30
	        650.27 12805.4824    12806.2   4.0 1 1 200
	        683.22 13011.4883    13011.8   4.0 1 1 200
	        740.51  13370.455    13370.8   4.0 1 1 1000
	        762.36 13507.6056    13507.9   4.0 1 1 1000
	        796.59 13722.6075    13722.3   4.0 1 1 1000
	        856.38 14098.4798    14097.5   4.0 1 1 150
	       1007.81 15050.2555    15050.6   4.0 1 1 100
	function legendre
	order 4
	sample *
	naverage 1
	niterate 0
	low_reject 3.
	high_reject 3.
	grow 0.
	coefficients	8
		2.
		4.
		58.09994125366211
		1007.808898925781
		12096.59709634859
		2923.189430217212
		41.9286725932018
		-11.45968729544408

# Mon 18:18:29 09-May-2022
begin	identify arc_argon[*,180]
	id	arc_argon
	task	identify
	image	arc_argon[*,180]
	units	Angstroms 
	features	13
	         57.76 9226.70097    9227.03   4.0 1 1 
	        132.70 9660.72251    9660.43   4.0 1 1 
	        270.08 10473.3913   10472.92   4.0 1 1 
	        437.86 11490.6852    11491.2   4.0 1 1 120
	        467.34 11671.6954    11671.9   4.0 1 1 200
	        576.66 12347.6215    12346.8   4.0 1 1 30
	        650.16  12805.479    12806.2   4.0 1 1 200
	        683.16 13011.7087    13011.8   4.0 1 1 200
	        740.40 13370.2531    13370.8   4.0 1 1 1000
	        762.32 13507.7479    13507.9   4.0 1 1 1000
	        796.58 13722.7809    13722.3   4.0 1 1 1000
	        856.36 14098.3463    14097.5   4.0 1 1 150
	       1007.93 15050.2472    15050.6   4.0 1 1 100
	function legendre
	order 4
	sample *
	naverage 1
	niterate 0
	low_reject 3.
	high_reject 3.
	grow 0.
	coefficients	8
		2.
		4.
		57.75880813598632
		1007.928466796875
		12096.75386816258
		2923.411852624568
		41.7201950868473
		-11.63875682010282

# Mon 18:18:30 09-May-2022
begin	identify arc_argon[*,160]
	id	arc_argon
	task	identify
	image	arc_argon[*,160]
	units	Angstroms 
	features	13
	         57.42 9226.78923    9227.03   4.0 1 1 
	        132.36 9660.67588    9660.43   4.0 1 1 
	        269.76 10473.2035   10472.92   4.0 1 1 
	        437.69 11490.8644    11491.2   4.0 1 1 120
	        467.13  11671.571    11671.9   4.0 1 1 200
	        576.56 12347.8453    12346.8   4.0 1 1 30
	        650.05 12805.4636    12806.2   4.0 1 1 200
	        683.07 13011.7447    13011.8   4.0 1 1 200
	        740.33 13370.2621    13370.8   4.0 1 1 1000
	        762.29 13507.9195    13507.9   4.0 1 1 1000
	        796.46 13722.3896    13722.3   4.0 1 1 1000
	        856.31 14098.3202    14097.5   4.0 1 1 150
	       1007.89 15050.3309    15050.6   4.0 1 1 100
	function legendre
	order 4
	sample *
	naverage 1
	niterate 0
	low_reject 3.
	high_reject 3.
	grow 0.
	coefficients	8
		2.
		4.
		57.41842651367187
		1007.88525390625
		12096.63796568087
		2923.191809097018
		41.92211039697953
		-11.42095887713489

# Mon 18:18:31 09-May-2022
begin	identify arc_argon[*,140]
	id	arc_argon
	task	identify
	image	arc_argon[*,140]
	units	Angstroms 
	features	13
	         57.09 9226.79124    9227.03   4.0 1 1 
	        132.05 9660.64708    9660.43   4.0 1 1 
	        269.51 10473.2747   10472.92   4.0 1 1 
	        437.45 11490.6684    11491.2   4.0 1 1 120
	        466.99 11671.8441    11671.9   4.0 1 1 200
	        576.34 12347.4546    12346.8   4.0 1 1 30
	        650.00 12805.8498    12806.2   4.0 1 1 200
	        682.92 13011.4625    13011.8   4.0 1 1 200
	        740.32 13370.6873    13370.8   4.0 1 1 1000
	        762.19 13507.7452    13507.9   4.0 1 1 1000
	        796.42  13722.433    13722.3   4.0 1 1 1000
	        856.27 14098.1661    14097.5   4.0 1 1 150
	       1007.97 15050.3559    15050.6   4.0 1 1 100
	function legendre
	order 4
	sample *
	naverage 1
	niterate 0
	low_reject 3.
	high_reject 3.
	grow 0.
	coefficients	8
		2.
		4.
		57.09061050415039
		1007.971069335938
		12096.83402230006
		2923.273223915819
		41.7395493487607
		-11.49089166348032

# Mon 18:18:31 09-May-2022
begin	identify arc_argon[*,120]
	id	arc_argon
	task	identify
	image	arc_argon[*,120]
	units	Angstroms 
	features	13
	         56.66 9226.61369    9227.03   4.0 1 1 
	        131.69 9660.76428    9660.43   4.0 1 1 
	        269.26  10473.635   10472.92   4.0 1 1 
	        437.24  11490.606    11491.2   4.0 1 1 120
	        466.75 11671.5451    11671.9   4.0 1 1 200
	        576.22 12347.3863    12346.8   4.0 1 1 30
	        649.86 12805.4607    12806.2   4.0 1 1 200
	        682.81 13011.1249    13011.8   4.0 1 1 200
	        740.54  13372.252    13370.8   4.0 1 1 1000
	        762.11 13507.4333    13507.9   4.0 1 1 1000
	        796.36 13722.2166    13722.3   4.0 1 1 1000
	        856.23 14098.0357    14097.5   4.0 1 1 150
	       1007.90 15050.3066    15050.6   4.0 1 1 100
	function legendre
	order 4
	sample *
	naverage 1
	niterate 0
	low_reject 3.
	high_reject 3.
	grow 0.
	coefficients	8
		2.
		4.
		56.66448593139648
		1007.899597167969
		12096.34915970933
		2922.985612173477
		42.1109747384171
		-11.1391632349466

# Mon 18:18:32 09-May-2022
begin	identify arc_argon[*,100]
	id	arc_argon
	task	identify
	image	arc_argon[*,100]
	units	Angstroms 
	features	13
	         56.26 9226.70455    9227.03   4.0 1 1 
	        131.29 9660.67349    9660.43   4.0 1 1 
	        268.92 10473.5109   10472.92   4.0 1 1 
	        437.01 11490.8205    11491.2   4.0 1 1 120
	        466.46  11671.301    11671.9   4.0 1 1 200
	        576.09 12347.8812    12346.8   4.0 1 1 30
	        649.71 12805.6653    12806.2   4.0 1 1 200
	        682.68 13011.4146    13011.8   4.0 1 1 200
	        740.08 13370.3436    13370.8   4.0 1 1 1000
	        762.01 13507.6319    13507.9   4.0 1 1 1000
	        796.31 13722.6715    13722.3   4.0 1 1 1000
	        856.22 14098.5556    14097.5   4.0 1 1 150
	       1007.89 15050.2059    15050.6   4.0 1 1 100
	function legendre
	order 4
	sample *
	naverage 1
	niterate 0
	low_reject 3.
	high_reject 3.
	grow 0.
	coefficients	8
		2.
		4.
		56.25897598266601
		1007.885864257812
		12096.4299497923
		2922.999259408559
		42.02529036894121
		-11.24857398385354

# Mon 18:18:33 09-May-2022
begin	identify arc_argon[*,80]
	id	arc_argon
	task	identify
	image	arc_argon[*,80]
	units	Angstroms 
	features	13
	         55.74 9226.61485    9227.03   4.0 1 1 
	        130.88 9660.86774    9660.43   4.0 1 1 
	        268.54 10473.3826   10472.92   4.0 1 1 
	        436.71 11490.6724    11491.2   4.0 1 1 120
	        466.22 11671.4767    11671.9   4.0 1 1 200
	        575.84 12347.7436    12346.8   4.0 1 1 30
	        649.55 12805.8567    12806.2   4.0 1 1 200
	        682.50 13011.3411    13011.8   4.0 1 1 200
	        739.98 13370.5702    13370.8   4.0 1 1 1000
	        761.88  13507.663    13507.9   4.0 1 1 1000
	        796.17 13722.4967    13722.3   4.0 1 1 1000
	        856.13 14098.4413    14097.5   4.0 1 1 150
	       1007.96 15050.2531    15050.6   4.0 1 1 100
	function legendre
	order 4
	sample *
	naverage 1
	niterate 0
	low_reject 3.
	high_reject 3.
	grow 0.
	coefficients	8
		2.
		4.
		55.74372482299805
		1007.960083007813
		12096.51632780904
		2923.284518039523
		41.91764092135969
		-11.46539491892222

# Mon 18:18:33 09-May-2022
begin	identify arc_argon[*,60]
	id	arc_argon
	task	identify
	image	arc_argon[*,60]
	units	Angstroms 
	features	13
	         55.27 9226.77578    9227.03   4.0 1 1 
	        130.37 9660.54263    9660.43   4.0 1 1 
	        268.18 10473.5169   10472.92   4.0 1 1 
	        436.41 11490.6386    11491.2   4.0 1 1 120
	        466.01 11671.8738    11671.9   4.0 1 1 200
	        575.60 12347.6122    12346.8   4.0 1 1 30
	        649.31 12805.4848    12806.2   4.0 1 1 200
	        682.29 13011.0885    13011.8   4.0 1 1 200
	        739.87 13370.7633    13370.8   4.0 1 1 1000
	        761.77 13507.7385    13507.9   4.0 1 1 1000
	        796.07 13722.5009    13722.3   4.0 1 1 1000
	        856.10  14098.692    14097.5   4.0 1 1 150
	       1007.94 15050.1523    15050.6   4.0 1 1 100
	function legendre
	order 4
	sample *
	naverage 1
	niterate 0
	low_reject 3.
	high_reject 3.
	grow 0.
	coefficients	8
		2.
		4.
		55.27032089233399
		1007.942687988281
		12096.50264998438
		2923.154592950815
		41.96137746524636
		-11.46634956419794

# Mon 18:18:34 09-May-2022
begin	identify arc_argon[*,40]
	id	arc_argon
	task	identify
	image	arc_argon[*,40]
	units	Angstroms 
	features	13
	         54.74 9226.73062    9227.03   4.0 1 1 
	        129.92 9660.66818    9660.43   4.0 1 1 
	        267.80 10473.4516   10472.92   4.0 1 1 
	        436.16 11490.6654    11491.2   4.0 1 1 120
	        465.73 11671.6186    11671.9   4.0 1 1 200
	        575.41 12347.4802    12346.8   4.0 1 1 30
	        649.22 12805.7293    12806.2   4.0 1 1 200
	        682.28 13011.6809    13011.8   4.0 1 1 200
	        739.79 13370.7292    13370.8   4.0 1 1 1000
	        761.68 13507.5918    13507.9   4.0 1 1 1000
	        796.02  13722.435    13722.3   4.0 1 1 1000
	        856.02 14098.2942    14097.5   4.0 1 1 150
	       1008.04 15050.3048    15050.6   4.0 1 1 100
	function legendre
	order 4
	sample *
	naverage 1
	niterate 0
	low_reject 3.
	high_reject 3.
	grow 0.
	coefficients	8
		2.
		4.
		54.73599624633789
		1008.0361328125
		12096.42893679381
		2923.253815335815
		42.08879826417179
		-11.46670051182851

# Mon 18:18:35 09-May-2022
begin	identify arc_argon[*,20]
	id	arc_argon
	task	identify
	image	arc_argon[*,20]
	units	Angstroms 
	features	12
	         54.23 9226.74568    9227.03   4.0 1 1 
	        129.42 9660.55664    9660.43   4.0 1 1 
	        267.39 10473.4817   10472.92   4.0 1 1 
	        435.92 11491.1605    11491.2   4.0 1 1 120
	        465.45 11671.7653    11671.9   4.0 1 1 200
	        649.03 12805.7681    12806.2   4.0 1 1 30
	        682.02 13011.1335    13011.8   4.0 1 1 200
	        739.67 13370.7862    13370.8   4.0 1 1 200
	        761.58 13507.7014    13507.9   4.0 1 1 1000
	        795.95 13722.6674    13722.3   4.0 1 1 1000
	        856.03 14098.7276    14097.5   4.0 1 1 1000
	       1008.05 15050.0859    15050.6   4.0 1 1 150
	function legendre
	order 4
	sample *
	naverage 1
	niterate 0
	low_reject 3.
	high_reject 3.
	grow 0.
	coefficients	8
		2.
		4.
		54.22827529907225
		1008.046691894531
		12096.46427069644
		2923.118136251312
		41.95149735015032
		-11.44805016552518

# Mon 18:18:35 09-May-2022
begin	identify arc_argon[*,320]
	id	arc_argon
	task	identify
	image	arc_argon[*,320]
	units	Angstroms 
	features	13
	         59.20 9226.94608    9227.03   4.0 1 1 
	        134.04 9660.69198    9660.43   4.0 1 1 
	        271.12 10472.5245   10472.92   4.0 1 1 
	        438.64 11489.7477    11491.2   4.0 1 1 120
	        468.60 11674.0152    11671.9   4.0 1 1 200
	        577.34 12347.6416    12346.8   4.0 1 1 30
	        650.62 12805.0025    12806.2   4.0 1 1 200
	        683.57 13011.3414    13011.8   4.0 1 1 200
	        740.77  13370.332    13370.8   4.0 1 1 1000
	        762.61 13507.6195    13507.9   4.0 1 1 1000
	        796.80 13722.7124    13722.3   4.0 1 1 1000
	        856.49 14098.4848    14097.5   4.0 1 1 150
	       1007.74 15050.3203    15050.6   4.0 1 1 100
	function legendre
	order 4
	sample *
	naverage 1
	niterate 0
	low_reject 3.
	high_reject 3.
	grow 0.
	coefficients	8
		2.
		4.
		59.19839477539062
		1007.7421875
		12096.2527953828
		2923.525653758769
		42.38041523614483
		-11.8385248818577

# Mon 18:18:36 09-May-2022
begin	identify arc_argon[*,340]
	id	arc_argon
	task	identify
	image	arc_argon[*,340]
	units	Angstroms 
	features	13
	         59.29 9226.78581    9227.03   4.0 1 1 
	        134.03 9660.51983    9660.43   4.0 1 1 
	        271.21 10473.5591   10472.92   4.0 1 1 
	        438.69  11490.693    11491.2   4.0 1 1 120
	        468.13 11671.7281    11671.9   4.0 1 1 200
	        577.25 12347.5445    12346.8   4.0 1 1 30
	        650.65 12805.4843    12806.2   4.0 1 1 200
	        683.53 13011.3174    13011.8   4.0 1 1 200
	        740.83 13370.8141    13370.8   4.0 1 1 1000
	        762.62 13507.7202    13507.9   4.0 1 1 1000
	        796.78 13722.5254    13722.3   4.0 1 1 1000
	        856.51  14098.478    14097.5   4.0 1 1 150
	       1007.73 15050.2102    15050.6   4.0 1 1 100
	function legendre
	order 4
	sample *
	naverage 1
	niterate 0
	low_reject 3.
	high_reject 3.
	grow 0.
	coefficients	8
		2.
		4.
		59.2943115234375
		1007.726745605469
		12096.72664740576
		2923.060766232694
		41.77133644142564
		-11.34859206830679

# Mon 18:18:37 09-May-2022
begin	identify arc_argon[*,360]
	id	arc_argon
	task	identify
	image	arc_argon[*,360]
	units	Angstroms 
	features	13
	         59.35 9226.60954    9227.03   4.0 1 1 
	        134.12 9660.75465    9660.43   4.0 1 1 
	        271.23 10473.6568   10472.92   4.0 1 1 
	        438.66 11490.5048    11491.2   4.0 1 1 120
	        468.10 11671.5725    11671.9   4.0 1 1 200
	        577.28 12347.7101    12346.8   4.0 1 1 30
	        650.65 12805.4659    12806.2   4.0 1 1 200
	        683.56  13011.505    13011.8   4.0 1 1 200
	        740.76 13370.3958    13370.8   4.0 1 1 1000
	        762.63 13507.8267    13507.9   4.0 1 1 1000
	        796.79 13722.6682    13722.3   4.0 1 1 1000
	        856.50 14098.5522    14097.5   4.0 1 1 150
	       1007.64 15050.1579    15050.6   4.0 1 1 100
	function legendre
	order 4
	sample *
	naverage 1
	niterate 0
	low_reject 3.
	high_reject 3.
	grow 0.
	coefficients	8
		2.
		4.
		59.35121917724609
		1007.636108398437
		12096.62477960612
		2922.883970457524
		41.75891880661905
		-11.10980726800069

# Mon 18:18:38 09-May-2022
begin	identify arc_argon[*,380]
	id	arc_argon
	task	identify
	image	arc_argon[*,380]
	units	Angstroms 
	features	13
	         59.32 9226.59221    9227.03   4.0 1 1 
	        134.15 9660.89726    9660.43   4.0 1 1 
	        271.23 10473.3738   10472.92   4.0 1 1 
	        438.71 11490.5577    11491.2   4.0 1 1 120
	        468.17 11671.7132    11671.9   4.0 1 1 200
	        577.30 12347.6617    12346.8   4.0 1 1 30
	        650.71 12805.6939    12806.2   4.0 1 1 200
	        683.54 13011.2482    13011.8   4.0 1 1 200
	        740.83 13370.6984    13370.8   4.0 1 1 1000
	        762.63 13507.6846    13507.9   4.0 1 1 1000
	        796.82 13722.6991    13722.3   4.0 1 1 1000
	        856.48 14098.3165    14097.5   4.0 1 1 150
	       1007.72 15050.2435    15050.6   4.0 1 1 100
	function legendre
	order 4
	sample *
	naverage 1
	niterate 0
	low_reject 3.
	high_reject 3.
	grow 0.
	coefficients	8
		2.
		4.
		59.31912612915039
		1007.724975585937
		12096.59537059834
		2923.208623083623
		41.82246701267652
		-11.38299668045684

# Mon 18:18:38 09-May-2022
begin	identify arc_argon[*,400]
	id	arc_argon
	task	identify
	image	arc_argon[*,400]
	units	Angstroms 
	features	13
	         59.36 9226.78837    9227.03   4.0 1 1 
	        134.11 9660.67056    9660.43   4.0 1 1 
	        271.19 10473.2487   10472.92   4.0 1 1 
	        438.68 11490.4887    11491.2   4.0 1 1 120
	        468.17  11671.875    11671.9   4.0 1 1 200
	        577.35 12348.0358    12346.8   4.0 1 1 30
	        650.67  12805.482    12806.2   4.0 1 1 200
	        683.56 13011.3949    13011.8   4.0 1 1 200
	        740.86 13370.8186    13370.8   4.0 1 1 1000
	        762.59 13507.3432    13507.9   4.0 1 1 1000
	        796.81 13722.5177    13722.3   4.0 1 1 1000
	        856.53 14098.4029    14097.5   4.0 1 1 150
	       1007.82 15050.3135    15050.6   4.0 1 1 100
	function legendre
	order 4
	sample *
	naverage 1
	niterate 0
	low_reject 3.
	high_reject 3.
	grow 0.
	coefficients	8
		2.
		4.
		59.35909652709961
		1007.815795898437
		12096.98465109547
		2923.150228712215
		41.56629339212417
		-11.38765669164153

# Mon 18:18:39 09-May-2022
begin	identify arc_argon[*,420]
	id	arc_argon
	task	identify
	image	arc_argon[*,420]
	units	Angstroms 
	features	13
	         59.27 9226.69206    9227.03   4.0 1 1 
	        134.07 9660.69962    9660.43   4.0 1 1 
	        271.21 10473.4477   10472.92   4.0 1 1 
	        438.71 11490.7282    11491.2   4.0 1 1 120
	        468.14 11671.7267    11671.9   4.0 1 1 200
	        577.24 12347.4622    12346.8   4.0 1 1 30
	        650.69 12805.8192    12806.2   4.0 1 1 200
	        683.47 13011.0574    13011.8   4.0 1 1 200
	        740.77 13370.5718    13370.8   4.0 1 1 1000
	        762.61 13507.8307    13507.9   4.0 1 1 1000
	        796.77 13722.6989    13722.3   4.0 1 1 1000
	        856.46 14098.4503    14097.5   4.0 1 1 150
	       1007.69 15050.1953    15050.6   4.0 1 1 100
	function legendre
	order 4
	sample *
	naverage 1
	niterate 0
	low_reject 3.
	high_reject 3.
	grow 0.
	coefficients	8
		2.
		4.
		59.26716995239258
		1007.685424804687
		12096.55730217247
		2923.217290949917
		41.88636843899524
		-11.46568040527397

# Mon 18:18:40 09-May-2022
begin	identify arc_argon[*,440]
	id	arc_argon
	task	identify
	image	arc_argon[*,440]
	units	Angstroms 
	features	13
	         59.23 9226.81298    9227.03   4.0 1 1 
	        133.95 9660.59614    9660.43   4.0 1 1 
	        271.06 10473.3547   10472.92   4.0 1 1 
	        438.56 11490.4925    11491.2   4.0 1 1 120
	        468.05 11671.7921    11671.9   4.0 1 1 200
	        577.24 12347.9023    12346.8   4.0 1 1 30
	        650.65 12805.8417    12806.2   4.0 1 1 200
	        683.45 13011.1731    13011.8   4.0 1 1 200
	        740.75 13370.5703    13370.8   4.0 1 1 1000
	        762.57 13507.6633    13507.9   4.0 1 1 1000
	        796.75 13722.6318    13722.3   4.0 1 1 1000
	        856.42 14098.2096    14097.5   4.0 1 1 150
	       1007.68 15050.3393    15050.6   4.0 1 1 100
	function legendre
	order 4
	sample *
	naverage 1
	niterate 0
	low_reject 3.
	high_reject 3.
	grow 0.
	coefficients	8
		2.
		4.
		59.23120498657226
		1007.679321289063
		12096.84949311713
		2922.89979484119
		41.72665221634956
		-11.13663268558991

# Mon 18:18:40 09-May-2022
begin	identify arc_argon[*,460]
	id	arc_argon
	task	identify
	image	arc_argon[*,460]
	units	Angstroms 
	features	13
	         59.09 9226.87464    9227.03   4.0 1 1 
	        133.83 9660.53856    9660.43   4.0 1 1 
	        270.99  10473.229   10472.92   4.0 1 1 
	        438.59  11490.771    11491.2   4.0 1 1 120
	        468.02 11671.6701    11671.9   4.0 1 1 200
	        577.27 12348.1465    12346.8   4.0 1 1 30
	        650.61 12805.6579    12806.2   4.0 1 1 200
	        683.41 13010.9138    13011.8   4.0 1 1 200
	        740.77 13370.7315    13370.8   4.0 1 1 1000
	        762.52 13507.4225    13507.9   4.0 1 1 1000
	        796.78 13722.8398    13722.3   4.0 1 1 1000
	        856.42 14098.2671    14097.5   4.0 1 1 150
	       1007.66 15050.3177    15050.6   4.0 1 1 100
	function legendre
	order 4
	sample *
	naverage 1
	niterate 0
	low_reject 3.
	high_reject 3.
	grow 0.
	coefficients	8
		2.
		4.
		59.09353637695312
		1007.658264160157
		12096.55022038951
		2922.960775436326
		42.04596242334953
		-11.23923406236724

# Mon 18:18:41 09-May-2022
begin	identify arc_argon[*,480]
	id	arc_argon
	task	identify
	image	arc_argon[*,480]
	units	Angstroms 
	features	13
	         58.97 9226.86283    9227.03   4.0 1 1 
	        133.69 9660.51451    9660.43   4.0 1 1 
	        270.87 10473.3703   10472.92   4.0 1 1 
	        438.44 11490.6139    11491.2   4.0 1 1 120
	        467.90  11671.696    11671.9   4.0 1 1 200
	        577.13 12347.8439    12346.8   4.0 1 1 30
	        650.54  12805.683    12806.2   4.0 1 1 200
	        683.45 13011.5983    13011.8   4.0 1 1 200
	        740.65  13370.349    13370.8   4.0 1 1 1000
	        762.51 13507.6981    13507.9   4.0 1 1 1000
	        796.69 13722.5731    13722.3   4.0 1 1 1000
	        856.38 14098.2247    14097.5   4.0 1 1 150
	       1007.65 15050.3525    15050.6   4.0 1 1 100
	function legendre
	order 4
	sample *
	naverage 1
	niterate 0
	low_reject 3.
	high_reject 3.
	grow 0.
	coefficients	8
		2.
		4.
		58.96522903442383
		1007.648315429688
		12096.7143192941
		2922.852195032969
		41.89336198284776
		-11.10734777621924

# Mon 18:18:42 09-May-2022
begin	identify arc_argon[*,500]
	id	arc_argon
	task	identify
	image	arc_argon[*,500]
	units	Angstroms 
	features	13
	         58.73  9226.8031    9227.03   4.0 1 1 
	        133.53 9660.59092    9660.43   4.0 1 1 
	        270.76 10473.3833   10472.92   4.0 1 1 
	        438.34 11490.5504    11491.2   4.0 1 1 120
	        467.83 11671.7853    11671.9   4.0 1 1 200
	        577.05  12347.832    12346.8   4.0 1 1 30
	        650.46 12805.6392    12806.2   4.0 1 1 200
	        683.32 13011.2763    13011.8   4.0 1 1 200
	        740.62 13370.5452    13370.8   4.0 1 1 1000
	        762.49 13507.9101    13507.9   4.0 1 1 1000
	        796.63 13722.5333    13722.3   4.0 1 1 1000
	        856.34 14098.2079    14097.5   4.0 1 1 150
	       1007.69 15050.3231    15050.6   4.0 1 1 100
	function legendre
	order 4
	sample *
	naverage 1
	niterate 0
	low_reject 3.
	high_reject 3.
	grow 0.
	coefficients	8
		2.
		4.
		58.73261260986327
		1007.694213867187
		12096.64923307384
		2923.142481835365
		41.91386122143781
		-11.38249211944496

# Mon 18:18:43 09-May-2022
begin	identify arc_argon[*,520]
	id	arc_argon
	task	identify
	image	arc_argon[*,520]
	units	Angstroms 
	features	13
	         58.54 9226.70853    9227.03   4.0 1 1 
	        133.36 9660.65384    9660.43   4.0 1 1 
	        270.61 10473.5329   10472.92   4.0 1 1 
	        438.23  11490.687    11491.2   4.0 1 1 120
	        467.66 11671.5528    11671.9   4.0 1 1 200
	        576.92 12347.6947    12346.8   4.0 1 1 30
	        650.40 12805.7924    12806.2   4.0 1 1 200
	        683.23 13011.1037    13011.8   4.0 1 1 200
	        740.60  13370.764    13370.8   4.0 1 1 1000
	        762.37 13507.4176    13507.9   4.0 1 1 1000
	        796.64 13722.7775    13722.3   4.0 1 1 1000
	        856.38 14098.4955    14097.5   4.0 1 1 150
	       1007.71 15050.1996    15050.6   4.0 1 1 100
	function legendre
	order 4
	sample *
	naverage 1
	niterate 0
	low_reject 3.
	high_reject 3.
	grow 0.
	coefficients	8
		2.
		4.
		58.53537368774413
		1007.710144042969
		12096.70570504207
		2923.082536880963
		41.74833873700251
		-11.33702032483423

# Mon 18:18:44 09-May-2022
begin	identify arc_argon[*,540]
	id	arc_argon
	task	identify
	image	arc_argon[*,540]
	units	Angstroms 
	features	13
	         58.33 9226.66538    9227.03   4.0 1 1 
	        133.22 9660.84923    9660.43   4.0 1 1 
	        270.44 10473.2284   10472.92   4.0 1 1 
	        438.12 11490.5168    11491.2   4.0 1 1 120
	        467.63 11671.8203    11671.9   4.0 1 1 200
	        576.94 12348.1206    12346.8   4.0 1 1 30
	        650.34 12805.5957    12806.2   4.0 1 1 200
	        683.16 13010.8545    13011.8   4.0 1 1 200
	        740.54 13370.5459    13370.8   4.0 1 1 1000
	        762.40 13507.7474    13507.9   4.0 1 1 1000
	        796.64 13722.8911    13722.3   4.0 1 1 1000
	        856.33 14098.2852    14097.5   4.0 1 1 150
	       1007.72 15050.2595    15050.6   4.0 1 1 100
	function legendre
	order 4
	sample *
	naverage 1
	niterate 0
	low_reject 3.
	high_reject 3.
	grow 0.
	coefficients	8
		2.
		4.
		58.33204650878906
		1007.720947265625
		12096.54529436636
		2923.132489713946
		41.91715144049768
		-11.33542833279623

# Mon 18:18:45 09-May-2022
begin	identify arc_argon[*,560]
	id	arc_argon
	task	identify
	image	arc_argon[*,560]
	units	Angstroms 
	features	13
	         58.12 9226.71291    9227.03   4.0 1 1 
	        133.00 9660.72771    9660.43   4.0 1 1 
	        270.30 10473.3696   10472.92   4.0 1 1 
	        438.02 11490.4692    11491.2   4.0 1 1 120
	        467.53 11671.7457    11671.9   4.0 1 1 200
	        576.88  12348.077    12346.8   4.0 1 1 30
	        650.32 12805.7001    12806.2   4.0 1 1 200
	        683.18   13011.17    13011.8   4.0 1 1 200
	        740.51  13370.453    13370.8   4.0 1 1 1000
	        762.32 13507.3586    13507.9   4.0 1 1 1000
	        796.60  13722.772    13722.3   4.0 1 1 1000
	        856.36 14098.6084    14097.5   4.0 1 1 150
	       1007.65 15050.2158    15050.6   4.0 1 1 100
	function legendre
	order 4
	sample *
	naverage 1
	niterate 0
	low_reject 3.
	high_reject 3.
	grow 0.
	coefficients	8
		2.
		4.
		58.12361526489258
		1007.646789550781
		12096.24026293505
		2922.904068165243
		42.22410325968183
		-11.15261151055204

# Mon 18:18:46 09-May-2022
begin	identify arc_argon[*,580]
	id	arc_argon
	task	identify
	image	arc_argon[*,580]
	units	Angstroms 
	features	13
	         57.88 9226.71363    9227.03   4.0 1 1 
	        132.81   9660.802    9660.43   4.0 1 1 
	        270.10 10473.2028   10472.92   4.0 1 1 
	        437.89 11490.6399    11491.2   4.0 1 1 120
	        467.37 11671.6865    11671.9   4.0 1 1 200
	        576.71 12347.8276    12346.8   4.0 1 1 30
	        650.20 12805.6728    12806.2   4.0 1 1 200
	        683.14 13011.5398    13011.8   4.0 1 1 200
	        740.45 13370.5228    13370.8   4.0 1 1 1000
	        762.32 13507.6772    13507.9   4.0 1 1 1000
	        796.55 13722.6129    13722.3   4.0 1 1 1000
	        856.31 14098.1184    14097.5   4.0 1 1 150
	       1007.91 15050.3637    15050.6   4.0 1 1 100
	function legendre
	order 4
	sample *
	naverage 1
	niterate 0
	low_reject 3.
	high_reject 3.
	grow 0.
	coefficients	8
		2.
		4.
		57.88260269165038
		1007.910827636719
		12096.90651044349
		2923.372728402252
		41.63213198692704
		-11.54771227311834

# Mon 18:18:48 09-May-2022
begin	identify arc_argon[*,600]
	id	arc_argon
	task	identify
	image	arc_argon[*,600]
	units	Angstroms 
	features	13
	         57.57 9226.66452    9227.03   4.0 1 1 
	        132.51 9660.73459    9660.43   4.0 1 1 
	        269.92 10473.4984   10472.92   4.0 1 1 
	        437.77 11490.8384    11491.2   4.0 1 1 120
	        467.17 11671.2822    11671.9   4.0 1 1 200
	        576.64 12347.9305    12346.8   4.0 1 1 30
	        650.12 12805.4757    12806.2   4.0 1 1 200
	        683.06 13011.3321    13011.8   4.0 1 1 200
	        740.46 13370.7749    13370.8   4.0 1 1 1000
	        762.26 13507.4985    13507.9   4.0 1 1 1000
	        796.53 13722.6068    13722.3   4.0 1 1 1000
	        856.36 14098.5436    14097.5   4.0 1 1 150
	       1007.83 15050.1997    15050.6   4.0 1 1 100
	function legendre
	order 4
	sample *
	naverage 1
	niterate 0
	low_reject 3.
	high_reject 3.
	grow 0.
	coefficients	8
		2.
		4.
		57.57383728027344
		1007.827331542969
		12096.48889876974
		2923.044449765161
		41.94321466108546
		-11.27685784387654

# Mon 18:18:48 09-May-2022
begin	identify arc_argon[*,620]
	id	arc_argon
	task	identify
	image	arc_argon[*,620]
	units	Angstroms 
	features	13
	         57.28 9226.64712    9227.03   4.0 1 1 
	        132.24 9660.68955    9660.43   4.0 1 1 
	        269.70 10473.5786   10472.92   4.0 1 1 
	        437.60 11490.9558    11491.2   4.0 1 1 120
	        467.00 11671.3748    11671.9   4.0 1 1 200
	        576.48 12347.8566    12346.8   4.0 1 1 30
	        650.03  12805.737    12806.2   4.0 1 1 200
	        682.77 13010.2239    13011.8   4.0 1 1 200
	        740.38 13370.7872    13370.8   4.0 1 1 1000
	        762.22 13507.7334    13507.9   4.0 1 1 1000
	        796.55  13723.072    13722.3   4.0 1 1 1000
	        856.36 14098.6698    14097.5   4.0 1 1 150
	       1007.89 15050.0541    15050.6   4.0 1 1 100
	function legendre
	order 4
	sample *
	naverage 1
	niterate 0
	low_reject 3.
	high_reject 3.
	grow 0.
	coefficients	8
		2.
		4.
		57.27663803100585
		1007.885131835938
		12096.64110171076
		2923.108283591646
		41.70948707486291
		-11.40481115949892

# Mon 18:18:49 09-May-2022
begin	identify arc_argon[*,640]
	id	arc_argon
	task	identify
	image	arc_argon[*,640]
	units	Angstroms 
	features	13
	         56.89 9226.64776    9227.03   4.0 1 1 
	        131.88  9660.6526    9660.43   4.0 1 1 
	        269.46 10473.7631   10472.92   4.0 1 1 
	        437.38 11490.6184    11491.2   4.0 1 1 120
	        466.84 11671.2723    11671.9   4.0 1 1 200
	        576.44 12348.1159    12346.8   4.0 1 1 30
	        649.96 12805.6301    12806.2   4.0 1 1 200
	        682.82 13010.8147    13011.8   4.0 1 1 200
	        740.33 13370.6666    13370.8   4.0 1 1 1000
	        762.18 13507.6055    13507.9   4.0 1 1 1000
	        796.46 13722.6942    13722.3   4.0 1 1 1000
	        856.35 14098.8112    14097.5   4.0 1 1 150
	       1007.81 15050.0877    15050.6   4.0 1 1 100
	function legendre
	order 4
	sample *
	naverage 1
	niterate 0
	low_reject 3.
	high_reject 3.
	grow 0.
	coefficients	8
		2.
		4.
		56.89080810546874
		1007.812377929687
		12096.14958288678
		2922.867567202235
		42.2181658545479
		-11.14757918405326

# Mon 18:18:50 09-May-2022
begin	identify arc_argon[*,660]
	id	arc_argon
	task	identify
	image	arc_argon[*,660]
	units	Angstroms 
	features	13
	         56.59 9226.73991    9227.03   4.0 1 1 
	        131.61 9660.62189    9660.43   4.0 1 1 
	        269.21 10473.4777   10472.92   4.0 1 1 
	        437.24 11490.7756    11491.2   4.0 1 1 120
	        466.73 11671.6091    11671.9   4.0 1 1 200
	        576.21 12347.5429    12346.8   4.0 1 1 30
	        649.88 12805.7677    12806.2   4.0 1 1 200
	        682.83 13011.3875    13011.8   4.0 1 1 200
	        740.23 13370.3533    13370.8   4.0 1 1 1000
	        762.14 13507.5842    13507.9   4.0 1 1 1000
	        796.47  13722.805    13722.3   4.0 1 1 1000
	        856.36 14098.5158    14097.5   4.0 1 1 150
	       1008.10 15050.1993    15050.6   4.0 1 1 100
	function legendre
	order 4
	sample *
	naverage 1
	niterate 0
	low_reject 3.
	high_reject 3.
	grow 0.
	coefficients	8
		2.
		4.
		56.58954238891601
		1008.103576660156
		12096.75156713727
		2923.298849672709
		41.71805288825944
		-11.56913971547023

# Mon 18:18:51 09-May-2022
begin	identify arc_argon[*,680]
	id	arc_argon
	task	identify
	image	arc_argon[*,680]
	units	Angstroms 
	features	13
	         56.18 9226.76438    9227.03   4.0 1 1 
	        131.21 9660.51539    9660.43   4.0 1 1 
	        268.92 10473.6498   10472.92   4.0 1 1 
	        437.00 11490.7058    11491.2   4.0 1 1 120
	        466.52   11671.62    11671.9   4.0 1 1 200
	        576.03 12347.3997    12346.8   4.0 1 1 30
	        649.77 12805.8668    12806.2   4.0 1 1 200
	        682.70 13011.2645    13011.8   4.0 1 1 200
	        740.22 13370.8292    13370.8   4.0 1 1 1000
	        762.02 13507.3129    13507.9   4.0 1 1 1000
	        796.37 13722.5843    13722.3   4.0 1 1 1000
	        856.34 14098.7084    14097.5   4.0 1 1 150
	       1008.06 15050.1588    15050.6   4.0 1 1 100
	function legendre
	order 4
	sample *
	naverage 1
	niterate 0
	low_reject 3.
	high_reject 3.
	grow 0.
	coefficients	8
		2.
		4.
		56.17830276489257
		1008.064880371094
		12096.56703653039
		2923.148510226329
		41.89453278011272
		-11.45132341172919

# Mon 18:18:51 09-May-2022
begin	identify arc_argon[*,700]
	id	arc_argon
	task	identify
	image	arc_argon[*,700]
	units	Angstroms 
	features	13
	         55.75 9226.68057    9227.03   4.0 1 1 
	        130.89 9660.76719    9660.43   4.0 1 1 
	        268.59 10473.3558   10472.92   4.0 1 1 
	        436.81 11490.6631    11491.2   4.0 1 1 120
	        466.36 11671.6525    11671.9   4.0 1 1 200
	        575.98 12347.8226    12346.8   4.0 1 1 30
	        649.66 12805.7038    12806.2   4.0 1 1 200
	        682.65 13011.3651    13011.8   4.0 1 1 200
	        740.10 13370.4097    13370.8   4.0 1 1 1000
	        762.00 13507.4637    13507.9   4.0 1 1 1000
	        796.33 13722.5486    13722.3   4.0 1 1 1000
	        856.33 14098.7678    14097.5   4.0 1 1 150
	       1008.08 15050.1796    15050.6   4.0 1 1 100
	function legendre
	order 4
	sample *
	naverage 1
	niterate 0
	low_reject 3.
	high_reject 3.
	grow 0.
	coefficients	8
		2.
		4.
		55.75369262695312
		1008.077026367188
		12096.2680745808
		2923.144744886247
		42.16200119379855
		-11.39523691520328

# Mon 18:18:52 09-May-2022
begin	identify arc_argon[*,720]
	id	arc_argon
	task	identify
	image	arc_argon[*,720]
	units	Angstroms 
	features	13
	         55.33 9226.78442    9227.03   4.0 1 1 
	        130.49 9660.62785    9660.43   4.0 1 1 
	        268.29 10473.2607   10472.92   4.0 1 1 
	        436.68 11491.1467    11491.2   4.0 1 1 120
	        466.14 11671.4811    11671.9   4.0 1 1 200
	        575.79 12347.5467    12346.8   4.0 1 1 30
	        649.54 12805.6316    12806.2   4.0 1 1 200
	        682.56 13011.4084    13011.8   4.0 1 1 200
	        740.06 13370.5273    13370.8   4.0 1 1 1000
	        761.97 13507.5737    13507.9   4.0 1 1 1000
	        796.32   13722.64    13722.3   4.0 1 1 1000
	        856.31 14098.5246    14097.5   4.0 1 1 150
	       1008.25 15050.2268    15050.6   4.0 1 1 100
	function legendre
	order 4
	sample *
	naverage 1
	niterate 0
	low_reject 3.
	high_reject 3.
	grow 0.
	coefficients	8
		2.
		4.
		55.3330078125
		1008.248474121094
		12096.46146703477
		2923.359080239838
		42.04412713136344
		-11.63790144920934

# Mon 18:18:52 09-May-2022
begin	identify arc_argon[*,740]
	id	arc_argon
	task	identify
	image	arc_argon[*,740]
	units	Angstroms 
	features	13
	         54.82 9226.74999    9227.03   4.0 1 1 
	        130.03   9660.661    9660.43   4.0 1 1 
	        267.94 10473.4349   10472.92   4.0 1 1 
	        436.30 11490.5623    11491.2   4.0 1 1 120
	        465.88 11671.5153    11671.9   4.0 1 1 200
	        575.66 12347.9498    12346.8   4.0 1 1 30
	        649.42 12805.8787    12806.2   4.0 1 1 200
	        682.43  13011.444    13011.8   4.0 1 1 200
	        739.95 13370.5177    13370.8   4.0 1 1 1000
	        761.84 13507.3479    13507.9   4.0 1 1 1000
	        796.24 13722.5443    13722.3   4.0 1 1 1000
	        856.27 14098.4881    14097.5   4.0 1 1 150
	       1008.32  15050.286    15050.6   4.0 1 1 100
	function legendre
	order 4
	sample *
	naverage 1
	niterate 0
	low_reject 3.
	high_reject 3.
	grow 0.
	coefficients	8
		2.
		4.
		54.8162841796875
		1008.321960449219
		12096.48689170572
		2923.428246595918
		42.03110545424847
		-11.66023675759767

