8951.74414062501  6.118313E-15
8957.79903507233  5.963820E-15
8963.85392951966  5.829699E-15
8969.90882396699  5.868530E-15
8975.96371841432  5.777384E-15
8982.01861286164  5.793475E-15
8988.07350730897  5.941366E-15
8994.12840175629  5.799885E-15
9000.18329620362  5.762491E-15
9006.23819065095  5.840509E-15
9012.29308509828  5.817440E-15
9018.3479795456  5.817917E-15
9024.40287399293  5.868422E-15
9030.45776844025  5.828161E-15
9036.51266288758  6.089818E-15
9042.56755733491  5.799079E-15
9048.62245178223  5.957872E-15
9054.67734622956  5.934373E-15
9060.73224067689  5.958410E-15
9066.78713512421  5.966006E-15
9072.84202957154  5.941118E-15
9078.89692401887  5.747286E-15
9084.95181846619  5.848991E-15
9091.00671291352  5.981102E-15
9097.06160736085  5.898357E-15
9103.11650180817  5.936481E-15
9109.1713962555  5.917997E-15
9115.22629070283  6.206235E-15
9121.28118515015  6.441766E-15
9127.33607959748  6.666475E-15
9133.39097404481  6.436376E-15
9139.44586849213  6.049717E-15
9145.50076293946  5.883836E-15
9151.55565738679  5.831622E-15
9157.61055183411  5.892805E-15
9163.66544628144  5.933166E-15
9169.72034072877  5.912416E-15
9175.77523517609  5.812357E-15
9181.83012962342  5.833694E-15
9187.88502407075  5.855384E-15
9193.93991851807  5.740729E-15
9199.9948129654  5.874528E-15
9206.04970741273  6.013629E-15
9212.10460186005  5.849462E-15
9218.15949630738  5.953583E-15
9224.21439075471  5.961852E-15
9230.26928520203  6.055724E-15
9236.32417964936  5.972309E-15
9242.37907409669  5.825300E-15
9248.43396854401  6.083155E-15
9254.48886299134  5.971891E-15
9260.54375743867  5.937011E-15
9266.59865188599  5.965849E-15
9272.65354633332  5.869549E-15
9278.70844078065  6.000210E-15
9284.76333522798  5.844585E-15
9290.8182296753  5.838571E-15
9296.87312412263  5.688444E-15
9302.92801856995  5.741294E-15
9308.98291301728  5.735218E-15
9315.03780746461  5.630214E-15
9321.09270191193  5.709620E-15
9327.14759635926  5.728073E-15
9333.20249080659  5.699662E-15
9339.25738525391  5.757069E-15
9345.31227970124  5.739014E-15
9351.36717414857  5.628533E-15
9357.42206859589  5.655399E-15
9363.47696304322  5.708817E-15
9369.53185749055  5.714304E-15
9375.58675193787  5.653256E-15
9381.6416463852  5.650548E-15
9387.69654083253  5.707682E-15
9393.75143527985  5.587905E-15
9399.80632972718  5.589487E-15
9405.86122417451  5.609887E-15
9411.91611862183  5.672766E-15
9417.97101306916  5.623606E-15
9424.02590751649  5.505088E-15
9430.08080196382  5.577187E-15
9436.13569641114  5.388170E-15
9442.19059085847  5.208054E-15
9448.24548530579  5.182555E-15
9454.30037975312  5.315088E-15
9460.35527420045  5.236767E-15
9466.41016864777  5.213419E-15
9472.4650630951  5.232119E-15
9478.51995754243  5.233318E-15
9484.57485198975  5.245282E-15
9490.62974643708  5.206075E-15
9496.68464088441  5.165624E-15
9502.73953533173  5.305300E-15
9508.79442977906  5.217817E-15
9514.84932422639  5.173888E-15
9520.90421867371  5.214425E-15
9526.95911312104  5.110867E-15
9533.01400756837  5.148224E-15
9539.06890201569  5.161295E-15
9545.12379646302  5.186815E-15
9551.17869091035  5.260103E-15
9557.23358535767  5.343124E-15
9563.288479805  6.350146E-15
9569.34337425233  7.375086E-15
9575.39826869965  7.556835E-15
9581.45316314698  6.915143E-15
9587.50805759431  6.039225E-15
9593.56295204163  5.588218E-15
9599.61784648896  5.463647E-15
9605.67274093629  5.272894E-15
9611.72763538361  5.371988E-15
9617.78252983094  5.429411E-15
9623.83742427827  5.276811E-15
9629.89231872559  5.266872E-15
9635.94721317292  5.238199E-15
9642.00210762025  5.395409E-15
9648.05700206757  5.405072E-15
9654.1118965149  5.313401E-15
9660.16679096223  5.326795E-15
9666.22168540955  5.329893E-15
9672.27657985688  5.352468E-15
9678.33147430421  5.345827E-15
9684.38636875154  5.338340E-15
9690.44126319886  5.320937E-15
9696.49615764619  5.347529E-15
9702.55105209352  5.211675E-15
9708.60594654084  5.250535E-15
9714.66084098817  5.291145E-15
9720.71573543549  5.300404E-15
9726.77062988282  5.300480E-15
9732.82552433015  5.248817E-15
9738.88041877748  5.280143E-15
9744.9353132248  5.351494E-15
9750.99020767213  5.276942E-15
9757.04510211945  5.118814E-15
9763.09999656678  5.164769E-15
9769.15489101411  5.322958E-15
9775.20978546144  5.283673E-15
9781.26467990876  5.261730E-15
9787.31957435609  5.180521E-15
9793.37446880342  5.197091E-15
9799.42936325074  5.168597E-15
9805.48425769807  5.167611E-15
9811.5391521454  5.159891E-15
9817.59404659272  5.168957E-15
9823.64894104005  5.178388E-15
9829.70383548738  5.044938E-15
9835.7587299347  5.134769E-15
9841.81362438203  5.252290E-15
9847.86851882935  5.219490E-15
9853.92341327668  5.257861E-15
9859.97830772401  5.322645E-15
9866.03320217133  5.198548E-15
9872.08809661866  5.167243E-15
9878.14299106599  5.249691E-15
9884.19788551331  5.214497E-15
9890.25277996064  5.129158E-15
9896.30767440797  5.171124E-15
9902.36256885529  5.221835E-15
9908.41746330262  5.243384E-15
9914.47235774995  5.251475E-15
9920.52725219727  5.102209E-15
9926.5821466446  5.075739E-15
9932.63704109193  5.074745E-15
9938.69193553926  5.049063E-15
9944.74682998658  4.987228E-15
9950.80172443391  5.090086E-15
9956.85661888124  5.125805E-15
9962.91151332856  5.104780E-15
9968.96640777589  4.946631E-15
9975.02130222322  4.989796E-15
9981.07619667054  4.951969E-15
9987.13109111787  4.915660E-15
9993.18598556519  4.963771E-15
9999.24088001252  4.918938E-15
10005.2957744599  4.881331E-15
10011.3506689072  4.960473E-15
10017.4055633545  4.947471E-15
10023.4604578018  4.915480E-15
10029.5153522492  4.881038E-15
10035.5702466965  4.900555E-15
10041.6251411438  5.093420E-15
10047.6800355911  4.990723E-15
10053.7349300385  4.997364E-15
10059.7898244858  4.976751E-15
10065.8447189331  4.919823E-15
10071.8996133804  5.016295E-15
10077.9545078278  5.233573E-15
10084.0094022751  5.259952E-15
10090.0642967224  4.496300E-15
10096.1191911697  5.138379E-15
10102.1740856171  4.953456E-15
10108.2289800644  4.872740E-15
10114.2838745117  4.996086E-15
10120.3387689591  4.911235E-15
10126.3936634064  5.000220E-15
10132.4485578537  4.932512E-15
10138.503452301  4.875530E-15
10144.5583467484  5.026342E-15
10150.6132411957  5.106123E-15
10156.668135643  5.018844E-15
10162.7230300903  4.953920E-15
10168.7779245377  4.869337E-15
10174.832818985  4.822513E-15
10180.8877134323  4.854981E-15
10186.9426078796  4.817854E-15
10192.997502327  4.777291E-15
10199.0523967743  4.789345E-15
10205.1072912216  4.762133E-15
10211.162185669  4.686764E-15
10217.2170801163  4.645175E-15
10223.2719745636  4.739481E-15
10229.3268690109  4.685540E-15
10235.3817634583  4.591204E-15
10241.4366579056  4.517620E-15
10247.4915523529  4.635582E-15
10253.5464468002  4.601844E-15
10259.6013412476  4.479230E-15
10265.6562356949  4.517698E-15
10271.7111301422  4.433780E-15
10277.7660245895  4.409289E-15
10283.8209190369  4.477514E-15
10289.8758134842  4.394906E-15
10295.9307079315  4.315737E-15
10301.9856023789  4.470259E-15
10308.0404968262  4.370048E-15
10314.0953912735  4.174503E-15
10320.1502857208  4.142578E-15
10326.2051801682  4.058515E-15
10332.2600746155  4.081047E-15
10338.3149690628  4.098974E-15
10344.3698635101  4.034742E-15
10350.4247579575  4.128161E-15
10356.4796524048  4.156849E-15
10362.5345468521  4.114461E-15
10368.5894412995  4.060773E-15
10374.6443357468  4.023145E-15
10380.6992301941  3.921045E-15
10386.7541246414  3.975964E-15
10392.8090190888  3.898269E-15
10398.8639135361  3.920835E-15
10404.9188079834  3.921469E-15
10410.9737024307  3.918901E-15
10417.0285968781  3.892091E-15
10423.0834913254  3.871327E-15
10429.1383857727  3.868094E-15
10435.19328022  3.787046E-15
10441.2481746674  3.866885E-15
10447.3030691147  3.849589E-15
10453.357963562  3.842025E-15
10459.4128580093  3.761291E-15
10465.4677524567  3.815861E-15
10471.522646904  3.795457E-15
10477.5775413513  3.812432E-15
10483.6324357987  3.872379E-15
10489.687330246  3.874237E-15
10495.7422246933  3.899797E-15
10501.7971191406  3.880599E-15
10507.852013588  3.798819E-15
10513.9069080353  3.853904E-15
10519.9618024826  3.904918E-15
10526.0166969299  3.857274E-15
10532.0715913773  3.919102E-15
10538.1264858246  4.010266E-15
10544.1813802719  4.016810E-15
10550.2362747192  3.954735E-15
10556.2911691666  3.957630E-15
10562.3460636139  3.982189E-15
10568.4009580612  4.039492E-15
10574.4558525086  4.027024E-15
10580.5107469559  4.020096E-15
10586.5656414032  4.066415E-15
10592.6205358505  4.083795E-15
10598.6754302979  4.122480E-15
10604.7303247452  4.108707E-15
10610.7852191925  4.039284E-15
10616.8401136398  4.153564E-15
10622.8950080872  4.230602E-15
10628.9499025345  4.230684E-15
10635.0047969818  4.251543E-15
10641.0596914291  4.267353E-15
10647.1145858765  4.302489E-15
10653.1694803238  4.371179E-15
10659.2243747711  4.329582E-15
10665.2792692185  4.415428E-15
10671.3341636658  4.511000E-15
10677.3890581131  4.571902E-15
10683.4439525604  4.551947E-15
10689.4988470078  4.678997E-15
10695.5537414551  4.680578E-15
10701.6086359024  4.685490E-15
10707.6635303497  4.710583E-15
10713.7184247971  4.746250E-15
10719.7733192444  4.777151E-15
10725.8282136917  4.798343E-15
10731.883108139  4.878181E-15
10737.9380025864  4.893206E-15
10743.9928970337  4.876837E-15
10750.047791481  4.916787E-15
10756.1026859284  4.877924E-15
10762.1575803757  4.996977E-15
10768.212474823  4.955791E-15
10774.2673692703  4.904062E-15
10780.3222637177  4.843694E-15
10786.377158165  4.934122E-15
10792.4320526123  4.926146E-15
10798.4869470596  4.920404E-15
10804.541841507  4.989633E-15
10810.5967359543  4.889112E-15
10816.6516304016  4.912010E-15
10822.7065248489  5.032791E-15
10828.7614192963  5.134763E-15
10834.8163137436  5.000790E-15
10840.8712081909  5.100960E-15
10846.9261026383  5.097674E-15
10852.9809970856  5.426506E-15
10859.0358915329  5.727324E-15
10865.0907859802  5.774277E-15
10871.1456804276  5.616347E-15
10877.2005748749  5.363268E-15
10883.2554693222  5.097447E-15
10889.3103637695  4.939823E-15
10895.3652582169  4.932135E-15
10901.4201526642  4.617390E-15
10907.4750471115  4.489265E-15
10913.5299415588  4.533440E-15
10919.5848360062  4.651559E-15
10925.6397304535  4.409174E-15
10931.6946249008  4.812049E-15
10937.7495193482  4.976819E-15
10943.8044137955  5.019685E-15
10949.8593082428  4.981983E-15
10955.9142026901  5.079562E-15
10961.9690971375  5.344640E-15
10968.0239915848  5.402400E-15
10974.0788860321  5.379065E-15
10980.1337804794  5.189233E-15
10986.1886749268  4.913643E-15
10992.2435693741  4.848034E-15
10998.2984638214  4.893434E-15
11004.3533582688  4.795155E-15
11010.4082527161  4.784488E-15
11016.4631471634  4.808017E-15
11022.5180416107  4.761150E-15
11028.5729360581  4.715880E-15
11034.6278305054  4.622133E-15
11040.6827249527  4.592811E-15
11046.7376194  4.590131E-15
11052.7925138474  4.658451E-15
11058.8474082947  4.601973E-15
11064.902302742  4.590034E-15
11070.9571971893  4.603890E-15
11077.0120916367  4.608029E-15
11083.066986084  4.586380E-15
11089.1218805313  4.549731E-15
11095.1767749787  4.521110E-15
11101.231669426  4.464152E-15
11107.2865638733  4.485635E-15
11113.3414583206  4.525078E-15
11119.396352768  4.386433E-15
11125.4512472153  4.338928E-15
11131.5061416626  4.309130E-15
11137.5610361099  4.262245E-15
11143.6159305573  4.299379E-15
11149.6708250046  4.275561E-15
11155.7257194519  4.234461E-15
11161.7806138992  4.197140E-15
11167.8355083466  4.071892E-15
11173.8904027939  4.164119E-15
11179.9452972412  4.223053E-15
11186.0001916886  4.207090E-15
11192.0550861359  4.242462E-15
11198.1099805832  4.253118E-15
11204.1648750305  4.159633E-15
11210.2197694779  4.178276E-15
11216.2746639252  4.168480E-15
11222.3295583725  4.128548E-15
11228.3844528198  4.284864E-15
11234.4393472672  4.319612E-15
11240.4942417145  4.231122E-15
11246.5491361618  4.209608E-15
11252.6040306091  4.342668E-15
11258.6589250565  4.353411E-15
11264.7138195038  4.297845E-15
11270.7687139511  4.276367E-15
11276.8236083984  4.182659E-15
11282.8785028458  4.149797E-15
11288.9333972931  4.207097E-15
11294.9882917404  4.239217E-15
11301.0431861878  4.322158E-15
11307.0980806351  4.369476E-15
11313.1529750824  4.314575E-15
11319.2078695297  4.218168E-15
11325.2627639771  4.082592E-15
11331.3176584244  3.936758E-15
11337.3725528717  4.026349E-15
11343.427447319  4.036669E-15
11349.4823417664  4.048776E-15
11355.5372362137  4.131079E-15
11361.592130661  4.137649E-15
11367.6470251083  4.136761E-15
11373.7019195557  4.106737E-15
11379.756814003  4.133964E-15
11385.8117084503  4.129910E-15
11391.8666028977  4.111816E-15
11397.921497345  4.017910E-15
11403.9763917923  4.031934E-15
11410.0312862396  4.022760E-15
11416.086180687  4.042239E-15
11422.1410751343  4.087784E-15
11428.1959695816  3.969274E-15
11434.2508640289  3.925193E-15
11440.3057584763  3.984930E-15
11446.3606529236  3.905156E-15
11452.4155473709  3.860558E-15
11458.4704418183  3.787634E-15
11464.5253362656  3.864809E-15
11470.5802307129  3.787506E-15
11476.6351251602  3.776437E-15
11482.6900196076  3.743266E-15
11488.7449140549  3.712400E-15
11494.7998085022  3.696011E-15
11500.8547029495  3.816426E-15
11506.9095973969  3.719616E-15
11512.9644918442  3.743858E-15
11519.0193862915  3.689874E-15
11525.0742807388  3.625730E-15
11531.1291751862  3.653631E-15
11537.1840696335  3.609104E-15
11543.2389640808  3.651557E-15
11549.2938585282  3.588037E-15
11555.3487529755  3.646601E-15
11561.4036474228  3.619971E-15
11567.4585418701  3.586768E-15
11573.5134363175  3.593976E-15
11579.5683307648  3.533310E-15
11585.6232252121  3.615249E-15
11591.6781196594  3.596402E-15
11597.7330141068  3.601108E-15
11603.7879085541  3.529292E-15
11609.8428030014  3.555661E-15
11615.8976974487  3.596172E-15
11621.9525918961  3.519744E-15
11628.0074863434  3.550300E-15
11634.0623807907  3.595884E-15
11640.117275238  3.585765E-15
11646.1721696854  3.563165E-15
11652.2270641327  3.578220E-15
11658.28195858  3.498757E-15
11664.3368530274  3.484172E-15
11670.3917474747  3.525757E-15
11676.446641922  3.399639E-15
11682.5015363693  3.457802E-15
11688.5564308167  3.572416E-15
11694.611325264  3.606738E-15
11700.6662197113  3.579943E-15
11706.7211141586  3.602354E-15
11712.776008606  3.541752E-15
11718.8309030533  3.505487E-15
11724.8857975006  3.556541E-15
11730.9406919479  3.615918E-15
11736.9955863953  3.586797E-15
11743.0504808426  3.701860E-15
11749.1053752899  3.670573E-15
11755.1602697373  3.674264E-15
11761.2151641846  3.689586E-15
11767.2700586319  3.581373E-15
11773.3249530792  3.645092E-15
11779.3798475266  3.701397E-15
11785.4347419739  3.708900E-15
11791.4896364212  3.752539E-15
11797.5445308685  3.678186E-15
11803.5994253159  3.690148E-15
11809.6543197632  3.748086E-15
11815.7092142105  3.711496E-15
11821.7641086578  3.713267E-15
11827.8190031052  3.697002E-15
11833.8738975525  3.676161E-15
11839.9287919998  3.653658E-15
11845.9836864472  3.645818E-15
11852.0385808945  3.780762E-15
11858.0934753418  3.725650E-15
11864.1483697891  3.627993E-15
11870.2032642365  3.646879E-15
11876.2581586838  3.618908E-15
11882.3130531311  3.624914E-15
11888.3679475784  3.715113E-15
11894.4228420258  3.729702E-15
11900.4777364731  3.703725E-15
11906.5326309204  3.698490E-15
11912.5875253677  3.673399E-15
11918.6424198151  3.709753E-15
11924.6973142624  3.723376E-15
11930.7522087097  3.679130E-15
11936.8071031571  3.662618E-15
11942.8619976044  3.620713E-15
11948.9168920517  3.642000E-15
11954.971786499  3.656832E-15
11961.0266809464  3.673076E-15
11967.0815753937  3.686467E-15
11973.136469841  3.730580E-15
11979.1913642883  3.732064E-15
11985.2462587357  3.640370E-15
11991.301153183  3.645787E-15
11997.3560476303  3.652202E-15
12003.4109420776  3.655309E-15
12009.465836525  3.621730E-15
12015.5207309723  3.662332E-15
12021.5756254196  3.562532E-15
12027.630519867  3.556827E-15
12033.6854143143  3.578101E-15
12039.7403087616  3.667270E-15
12045.7952032089  3.714618E-15
12051.8500976563  3.666600E-15
12057.9049921036  3.537837E-15
12063.9598865509  3.563854E-15
12070.0147809982  3.613546E-15
12076.0696754456  3.640204E-15
12082.1245698929  3.661102E-15
12088.1794643402  3.479178E-15
12094.2343587876  3.471614E-15
12100.2892532349  3.500360E-15
12106.3441476822  3.515526E-15
12112.3990421295  3.484560E-15
12118.4539365769  3.414862E-15
12124.5088310242  3.413448E-15
12130.5637254715  3.459725E-15
12136.6186199188  3.370044E-15
12142.6735143662  3.364998E-15
12148.7284088135  3.375800E-15
12154.7833032608  3.255265E-15
12160.8381977081  3.281561E-15
12166.8930921555  3.404746E-15
12172.9479866028  3.372857E-15
12179.0028810501  3.281482E-15
12185.0577754974  3.268323E-15
12191.1126699448  3.249477E-15
12197.1675643921  3.220465E-15
12203.2224588394  3.260466E-15
12209.2773532868  3.290471E-15
12215.3322477341  3.239086E-15
12221.3871421814  3.254700E-15
12227.4420366287  3.315860E-15
12233.4969310761  3.206143E-15
12239.5518255234  3.098697E-15
12245.6067199707  3.147239E-15
12251.661614418  3.177736E-15
12257.7165088654  3.137714E-15
12263.7714033127  3.064729E-15
12269.82629776  3.150633E-15
12275.8811922073  3.221693E-15
12281.9360866547  3.141905E-15
12287.990981102  3.089016E-15
12294.0458755493  3.173680E-15
12300.1007699967  3.110420E-15
12306.155664444  3.091308E-15
12312.2105588913  3.118643E-15
12318.2654533386  3.075704E-15
12324.320347786  3.088046E-15
12330.3752422333  3.128589E-15
12336.4301366806  3.120269E-15
12342.4850311279  3.070291E-15
12348.5399255753  3.077309E-15
12354.5948200226  3.120156E-15
12360.6497144699  3.104823E-15
12366.7046089172  3.087550E-15
12372.7595033646  3.108278E-15
12378.8143978119  3.067586E-15
12384.8692922592  3.049159E-15
12390.9241867066  3.098923E-15
12396.9790811539  3.079424E-15
12403.0339756012  3.042669E-15
12409.0888700485  3.048666E-15
12415.1437644959  3.068553E-15
12421.1986589432  3.064390E-15
12427.2535533905  3.135353E-15
12433.3084478378  3.125974E-15
12439.3633422852  3.018886E-15
12445.4182367325  3.016215E-15
12451.4731311798  3.066369E-15
12457.5280256271  3.088566E-15
12463.5829200745  2.974429E-15
12469.6378145218  2.967675E-15
12475.6927089691  3.043340E-15
12481.7476034165  2.997123E-15
12487.8024978638  2.988626E-15
12493.8573923111  2.985522E-15
12499.9122867584  2.993920E-15
12505.9671812058  3.037766E-15
12512.0220756531  3.030257E-15
12518.0769701004  3.087050E-15
12524.1318645477  3.056049E-15
12530.1867589951  2.984426E-15
12536.2416534424  3.039202E-15
12542.2965478897  3.071367E-15
12548.351442337  3.046704E-15
12554.4063367844  3.058286E-15
12560.4612312317  3.028483E-15
12566.516125679  2.934016E-15
12572.5710201264  2.921357E-15
12578.6259145737  2.974561E-15
12584.680809021  2.949250E-15
12590.7357034683  2.999984E-15
12596.7905979157  3.037688E-15
12602.845492363  2.955496E-15
12608.9003868103  2.998169E-15
12614.9552812576  3.021759E-15
12621.010175705  2.997958E-15
12627.0650701523  2.897330E-15
12633.1199645996  2.947208E-15
12639.1748590469  2.943379E-15
12645.2297534943  2.922770E-15
12651.2846479416  2.925192E-15
12657.3395423889  2.900715E-15
12663.3944368363  2.901797E-15
12669.4493312836  2.934127E-15
12675.5042257309  2.854350E-15
12681.5591201782  2.878400E-15
12687.6140146256  2.806206E-15
12693.6689090729  2.914073E-15
12699.7238035202  2.908675E-15
12705.7786979675  2.894570E-15
12711.8335924149  2.864103E-15
12717.8884868622  2.794112E-15
12723.9433813095  2.762511E-15
12729.9982757568  2.825732E-15
12736.0531702042  2.876532E-15
12742.1080646515  2.835480E-15
12748.1629590988  2.897776E-15
12754.2178535462  2.904784E-15
12760.2727479935  2.811699E-15
12766.3276424408  2.817643E-15
12772.3825368881  2.813366E-15
12778.4374313355  2.854224E-15
12784.4923257828  2.856327E-15
12790.5472202301  2.866885E-15
12796.6021146774  2.966318E-15
12802.6570091248  2.679393E-15
12808.7119035721  2.742211E-15
12814.7667980194  2.830574E-15
12820.8216924667  2.802770E-15
12826.8765869141  2.821169E-15
12832.9314813614  2.849699E-15
12838.9863758087  2.827665E-15
12845.0412702561  2.839620E-15
12851.0961647034  3.090755E-15
12857.1510591507  3.403332E-15
12863.205953598  3.465627E-15
12869.2608480454  3.371275E-15
12875.3157424927  3.012971E-15
12881.37063694  2.826886E-15
12887.4255313873  2.799733E-15
12893.4804258347  2.785825E-15
12899.535320282  2.869965E-15
12905.5902147293  2.972525E-15
12911.6451091766  2.849693E-15
12917.700003624  2.722652E-15
12923.7548980713  2.703576E-15
12929.8097925186  2.718519E-15
12935.864686966  2.714421E-15
12941.9195814133  2.718483E-15
12947.9744758606  2.679413E-15
12954.0293703079  2.646534E-15
12960.0842647553  2.693255E-15
12966.1391592026  2.641768E-15
12972.1940536499  2.637532E-15
12978.2489480972  2.800901E-15
12984.3038425446  3.474611E-15
12990.3587369919  3.719268E-15
12996.4136314392  2.827829E-15
13002.4685258865  2.636372E-15
13008.5234203339  2.648586E-15
13014.5783147812  2.724641E-15
13020.6332092285  2.713117E-15
13026.6881036759  2.691173E-15
13032.7429981232  2.743251E-15
13038.7978925705  2.727019E-15
13044.8527870178  2.688010E-15
13050.9076814652  2.795901E-15
13056.9625759125  2.757897E-15
13063.0174703598  2.738645E-15
13069.0723648071  2.758123E-15
13075.1272592545  2.714141E-15
13081.1821537018  2.753818E-15
13087.2370481491  2.808491E-15
13093.2919425964  2.757338E-15
13099.3468370438  2.754005E-15
13105.4017314911  2.815088E-15
13111.4566259384  2.821133E-15
13117.5115203858  2.836514E-15
13123.5664148331  2.875166E-15
13129.6213092804  2.817210E-15
13135.6762037277  2.792793E-15
13141.7310981751  2.813153E-15
13147.7859926224  2.792086E-15
13153.8408870697  2.865399E-15
13159.895781517  2.810073E-15
13165.9506759644  2.766549E-15
13172.0055704117  2.732688E-15
13178.060464859  2.778604E-15
13184.1153593063  2.768361E-15
13190.1702537537  2.704221E-15
13196.225148201  2.723556E-15
13202.2800426483  2.652062E-15
13208.3349370957  2.707481E-15
13214.389831543  2.730073E-15
13220.4447259903  2.655116E-15
13226.4996204376  2.691728E-15
13232.554514885  2.742797E-15
13238.6094093323  2.724076E-15
13244.6643037796  2.685673E-15
13250.7191982269  2.741103E-15
13256.7740926743  2.777868E-15
13262.8289871216  2.725479E-15
13268.8838815689  2.636321E-15
13274.9387760162  2.610447E-15
13280.9936704636  2.644204E-15
13287.0485649109  2.643105E-15
13293.1034593582  2.618306E-15
13299.1583538056  2.592736E-15
13305.2132482529  2.627239E-15
13311.2681427002  2.632160E-15
13317.3230371475  2.563971E-15
13323.3779315949  2.601285E-15
13329.4328260422  2.587065E-15
13335.4877204895  2.566557E-15
13341.5426149368  2.566714E-15
13347.5975093842  2.565335E-15
13353.6524038315  2.566438E-15
13359.7072982788  2.550918E-15
13365.7621927261  2.548643E-15
13371.8170871735  2.520393E-15
13377.8719816208  2.534645E-15
13383.9268760681  2.564025E-15
13389.9817705155  2.558434E-15
13396.0366649628  2.536649E-15
13402.0915594101  2.483887E-15
13408.1464538574  2.454613E-15
13414.2013483048  2.456260E-15
13420.2562427521  2.535809E-15
13426.3111371994  2.510544E-15
13432.3660316467  2.433337E-15
13438.4209260941  2.483216E-15
13444.4758205414  2.524249E-15
13450.5307149887  2.475573E-15
13456.5856094361  2.457783E-15
13462.6405038834  2.450891E-15
13468.6953983307  2.429415E-15
13474.750292778  2.474007E-15
13480.8051872254  2.461119E-15
13486.8600816727  2.383546E-15
13492.91497612  2.371899E-15
13498.9698705673  2.397704E-15
13505.0247650147  2.446843E-15
13511.079659462  2.448462E-15
13517.1345539093  2.370189E-15
13523.1894483566  2.388590E-15
13529.244342804  2.403120E-15
13535.2992372513  2.371896E-15
13541.3541316986  2.327777E-15
13547.4090261459  2.313364E-15
13553.4639205933  2.335529E-15
13559.5188150406  2.363515E-15
13565.5737094879  2.168703E-15
13571.6286039353  2.246874E-15
13577.6834983826  2.336843E-15
13583.7383928299  2.364718E-15
13589.7932872772  2.355046E-15
13595.8481817246  2.353520E-15
13601.9030761719  2.396976E-15
13607.9579706192  2.347029E-15
13614.0128650665  2.329926E-15
13620.0677595139  2.321655E-15
13626.1226539612  2.304691E-15
13632.1775484085  2.326706E-15
13638.2324428558  2.338141E-15
13644.2873373032  2.386010E-15
13650.3422317505  2.320937E-15
13656.3971261978  2.275556E-15
13662.4520206452  2.258802E-15
13668.5069150925  2.332392E-15
13674.5618095398  2.294606E-15
13680.6167039871  2.291790E-15
13686.6715984345  2.319526E-15
13692.7264928818  2.302346E-15
13698.7813873291  2.295796E-15
13704.8362817764  2.311768E-15
13710.8911762238  2.320519E-15
13716.9460706711  2.336294E-15
13723.0009651184  2.265430E-15
13729.0558595657  2.256658E-15
13735.1107540131  2.318733E-15
13741.1656484604  2.321935E-15
13747.2205429077  2.232968E-15
13753.2754373551  2.243376E-15
13759.3303318024  2.301778E-15
13765.3852262497  2.300240E-15
13771.440120697  2.310947E-15
13777.4950151444  2.295032E-15
13783.5499095917  2.258480E-15
13789.604804039  2.260940E-15
13795.6596984863  2.266180E-15
13801.7145929337  2.262001E-15
13807.769487381  2.269522E-15
13813.8243818283  2.286106E-15
13819.8792762756  2.344550E-15
13825.934170723  2.240081E-15
13831.9890651703  2.308820E-15
13838.0439596176  2.239268E-15
13844.098854065  2.163925E-15
13850.1537485123  2.238677E-15
13856.2086429596  2.289400E-15
13862.2635374069  2.289153E-15
13868.3184318543  2.287460E-15
13874.3733263016  2.285186E-15
13880.4282207489  2.241376E-15
13886.4831151962  2.225867E-15
13892.5380096436  2.242960E-15
13898.5929040909  2.202408E-15
13904.6477985382  2.202345E-15
13910.7026929855  2.204786E-15
13916.7575874329  2.219052E-15
13922.8124818802  2.262633E-15
13928.8673763275  2.271698E-15
13934.9222707749  2.252512E-15
13940.9771652222  2.169175E-15
13947.0320596695  2.151353E-15
13953.0869541168  2.227521E-15
13959.1418485642  2.207382E-15
13965.1967430115  2.177027E-15
13971.2516374588  2.192097E-15
13977.3065319061  2.219495E-15
13983.3614263535  2.150884E-15
13989.4163208008  2.158492E-15
13995.4712152481  2.217534E-15
14001.5261096954  2.145256E-15
14007.5810041428  2.174865E-15
14013.6358985901  2.212003E-15
14019.6907930374  2.173588E-15
14025.7456874848  2.189696E-15
14031.8005819321  2.115286E-15
14037.8554763794  2.146933E-15
14043.9103708267  2.163172E-15
14049.9652652741  2.135966E-15
14056.0201597214  2.169772E-15
14062.0750541687  2.128646E-15
14068.129948616  2.167613E-15
14074.1848430634  2.183733E-15
14080.2397375107  2.186297E-15
14086.294631958  2.128552E-15
14092.3495264053  2.125536E-15
14098.4044208527  2.181707E-15
14104.4593153  2.151369E-15
14110.5142097473  2.126352E-15
14116.5691041947  2.160685E-15
14122.623998642  2.174898E-15
14128.6788930893  2.144999E-15
14134.7337875366  2.107183E-15
14140.788681984  2.086945E-15
14146.8435764313  2.121580E-15
14152.8984708786  2.122741E-15
14158.9533653259  2.090861E-15
14165.0082597733  2.002948E-15
14171.0631542206  2.095137E-15
14177.1180486679  2.067937E-15
14183.1729431152  2.053125E-15
14189.2278375626  2.107912E-15
14195.2827320099  2.022095E-15
14201.3376264572  2.060828E-15
14207.3925209046  2.117025E-15
14213.4474153519  2.126221E-15
14219.5023097992  2.033110E-15
14225.5572042465  2.056585E-15
14231.6120986939  2.068039E-15
14237.6669931412  2.047350E-15
14243.7218875885  2.060590E-15
14249.7767820358  2.041497E-15
14255.8316764832  2.000859E-15
14261.8865709305  1.983715E-15
14267.9414653778  2.022445E-15
14273.9963598251  2.042478E-15
14280.0512542725  2.033142E-15
14286.1061487198  2.007288E-15
14292.1610431671  2.037350E-15
14298.2159376145  2.112655E-15
14304.2708320618  2.084503E-15
14310.3257265091  2.002947E-15
14316.3806209564  1.990902E-15
14322.4355154038  2.059935E-15
14328.4904098511  2.055539E-15
14334.5453042984  2.027018E-15
14340.6001987457  2.031567E-15
14346.6550931931  2.038097E-15
14352.7099876404  2.005339E-15
14358.7648820877  1.974404E-15
14364.819776535  2.009325E-15
14370.8746709824  2.050432E-15
14376.9295654297  2.020921E-15
14382.984459877  1.990731E-15
14389.0393543244  2.031346E-15
14395.0942487717  2.013451E-15
14401.149143219  2.030901E-15
14407.2040376663  2.041733E-15
14413.2589321137  1.988778E-15
14419.313826561  1.984773E-15
14425.3687210083  2.042853E-15
14431.4236154556  2.018689E-15
14437.478509903  2.034364E-15
14443.5334043503  2.057209E-15
14449.5882987976  2.010671E-15
14455.6431932449  2.010452E-15
14461.6980876923  2.043028E-15
14467.7529821396  2.014111E-15
14473.8078765869  1.990269E-15
14479.8627710343  2.018934E-15
14485.9176654816  1.997409E-15
14491.9725599289  1.957701E-15
14498.0274543762  1.963668E-15
14504.0823488236  1.983022E-15
14510.1372432709  2.063027E-15
14516.1921377182  2.022345E-15
14522.2470321655  2.247198E-15
14528.3019266129  2.076255E-15
14534.3568210602  2.084514E-15
14540.4117155075  2.035196E-15
14546.4666099548  2.002570E-15
14552.5215044022  2.008856E-15
14558.5763988495  2.057115E-15
14564.6312932968  2.058155E-15
14570.6861877442  2.069351E-15
14576.7410821915  2.076856E-15
14582.7959766388  2.066612E-15
14588.8508710861  2.005093E-15
14594.9057655335  2.011549E-15
14600.9606599808  2.022127E-15
14607.0155544281  2.040703E-15
14613.0704488754  2.018241E-15
14619.1253433228  1.995023E-15
14625.1802377701  1.998772E-15
14631.2351322174  2.000064E-15
14637.2900266647  2.042546E-15
14643.3449211121  2.040676E-15
14649.3998155594  1.999967E-15
14655.4547100067  1.992576E-15
14661.5096044541  1.984326E-15
14667.5644989014  1.999584E-15
14673.6193933487  2.067654E-15
14679.674287796  2.011016E-15
14685.7291822434  1.986148E-15
14691.7840766907  1.976175E-15
14697.838971138  1.879869E-15
14703.8938655853  1.861568E-15
14709.9487600327  1.962478E-15
14716.00365448  1.936094E-15
14722.0585489273  1.929083E-15
14728.1134433746  1.899341E-15
14734.168337822  1.954564E-15
14740.2232322693  1.998735E-15
14746.2781267166  1.985386E-15
14752.333021164  1.981579E-15
14758.3879156113  1.986039E-15
14764.4428100586  1.958187E-15
14770.4977045059  1.927451E-15
14776.5525989533  2.032445E-15
14782.6074934006  2.022388E-15
14788.6623878479  1.980876E-15
14794.7172822952  1.960708E-15
14800.7721767426  1.971898E-15
14806.8270711899  2.011741E-15
14812.8819656372  1.981878E-15
14818.9368600845  2.001030E-15
14824.9917545319  2.016819E-15
14831.0466489792  2.029502E-15
14837.1015434265  1.996675E-15
14843.1564378739  1.941316E-15
14849.2113323212  1.929213E-15
14855.2662267685  1.939484E-15
14861.3211212158  1.931018E-15
14867.3760156632  1.977294E-15
14873.4309101105  1.981487E-15
14879.4858045578  2.070059E-15
14885.5406990051  2.008480E-15
14891.5955934525  2.060652E-15
14897.6504878998  2.074132E-15
14903.7053823471  1.991824E-15
14909.7602767944  2.008587E-15
14915.8151712418  2.070153E-15
14921.8700656891  2.087111E-15
14927.9249601364  2.102472E-15
14933.9798545838  2.127475E-15
14940.0347490311  2.109075E-15
14946.0896434784  2.079850E-15
14952.1445379257  2.123163E-15
14958.1994323731  2.149276E-15
14964.2543268204  2.175511E-15
14970.3092212677  2.157517E-15
14976.364115715  2.145685E-15
14982.4190101624  2.185507E-15
14988.4739046097  2.194551E-15
14994.528799057  2.189888E-15
15000.5836935043  2.227783E-15
15006.6385879517  2.256551E-15
15012.693482399  2.202470E-15
15018.7483768463  2.210961E-15
15024.8032712937  2.247860E-15
15030.858165741  2.196686E-15
15036.9130601883  2.153588E-15
15042.9679546356  2.202680E-15
15049.022849083  2.206488E-15
15055.0777435303  2.158755E-15
15061.1326379776  2.238996E-15
15067.1875324249  2.137855E-15
15073.2424268723  2.166661E-15
15079.2973213196  2.173769E-15
15085.3522157669  2.121991E-15
15091.4071102142  2.108927E-15
15097.4620046616  2.173593E-15
15103.5168991089  2.175197E-15
15109.5717935562  2.166355E-15
15115.6266880036  2.139945E-15
15121.6815824509  2.122548E-15
15127.7364768982  2.121957E-15
15133.7913713455  2.120898E-15
15139.8462657929  2.099612E-15
15145.9011602402  2.079534E-15
