[hd26220_cont] 1 1024 5.00 1.513  8971.100 15146.698 A:hd26220
 8996.10   6.7969E-13   50.000      185450.
 9096.10   6.5806E-13   50.000      184645.
 9196.10   6.3706E-13   50.000      183675.
 9296.10   6.1698E-13   50.000      182542.
 9396.10   5.9750E-13   50.000      181257.
 9496.10   5.7891E-13   50.000      179823.
 9596.10   5.6098E-13   50.000      178248.
 9696.10   5.4371E-13   50.000      176539.
 9796.10   5.2707E-13   50.000      174699.
 9896.10   5.1105E-13   50.000      172742.
 9996.10   4.9562E-13   50.000      170665.
10096.10   4.8075E-13   50.000      168483.
10196.10   4.6641E-13   50.000      166194.
10296.10   4.5259E-13   50.000      163811.
10396.10   4.3925E-13   50.000      161338.
10496.10   4.2640E-13   50.000      158780.
10596.10   4.1399E-13   50.000      156149.
10696.10   4.0202E-13   50.000      153442.
10796.10   3.9047E-13   50.000      150677.
10896.10   3.7932E-13   50.000      147848.
10996.10   3.6855E-13   50.000      144973.
11096.10   3.5816E-13   50.000      142050.
11196.10   3.4812E-13   50.000      139088.
11296.10   3.3842E-13   50.000      136097.
11396.10   3.2905E-13   50.000      133076.
11496.10   3.1999E-13   50.000      130041.
11596.10   3.1124E-13   50.000      126988.
11696.10   3.0277E-13   50.000      123934.
11796.10   2.9459E-13   50.000      120875.
11896.10   2.8667E-13   50.000      117824.
11996.10   2.7902E-13   50.000      114788.
12096.10   2.7161E-13   50.000      111767.
12196.10   2.6444E-13   50.000      108778.
12296.10   2.5750E-13   50.000      105814.
12396.10   2.5079E-13   50.000      102896.
12496.10   2.4429E-13   50.000      100016.
12596.10   2.3799E-13   50.000       97191.
12696.10   2.3189E-13   50.000       94423.
12796.10   2.2598E-13   50.000       91717.
12896.10   2.2026E-13   50.000       89087.
12996.10   2.1471E-13   50.000       86529.
13096.10   2.0934E-13   50.000       84059.
13196.10   2.0413E-13   50.000       81674.
13296.10   1.9907E-13   50.000       79389.
13396.10   1.9417E-13   50.000       77204.
13496.10   1.8942E-13   50.000       75129.
13596.10   1.8481E-13   50.000       73171.
13696.10   1.8034E-13   50.000       71332.
13796.10   1.7600E-13   50.000       69625.
13896.10   1.7179E-13   50.000       68051.
13996.10   1.6770E-13   50.000       66618.
14096.10   1.6373E-13   50.000       65333.
14196.10   1.5988E-13   50.000       64201.
14296.10   1.5613E-13   50.000       63231.
14396.10   1.5250E-13   50.000       62427.
14496.10   1.4897E-13   50.000       61798.
14596.10   1.4554E-13   50.000       61346.
14696.10   1.4220E-13   50.000       61082.
14796.10   1.3896E-13   50.000       61010.
14896.10   1.3581E-13   50.000       61137.
14996.10   1.3275E-13   50.000       61469.
15096.10   1.2978E-13   50.000       62014.
[hd26220_cont] 1 1024 5.00 1.513  8971.100 15146.698 A:hd26220
 8996.10   6.7969E-13   50.000      185450.
 9096.10   6.5806E-13   50.000      184645.
 9196.10   6.3706E-13   50.000      183675.
 9296.10   6.1698E-13   50.000      182542.
 9396.10   5.9750E-13   50.000      181257.
 9496.10   5.7891E-13   50.000      179823.
 9596.10   5.6098E-13   50.000      178248.
 9696.10   5.4371E-13   50.000      176539.
 9796.10   5.2707E-13   50.000      174699.
 9896.10   5.1105E-13   50.000      172742.
 9996.10   4.9562E-13   50.000      170665.
10096.10   4.8075E-13   50.000      168483.
10196.10   4.6641E-13   50.000      166194.
10296.10   4.5259E-13   50.000      163811.
10396.10   4.3925E-13   50.000      161338.
10496.10   4.2640E-13   50.000      158780.
10596.10   4.1399E-13   50.000      156149.
10696.10   4.0202E-13   50.000      153442.
10796.10   3.9047E-13   50.000      150677.
10896.10   3.7932E-13   50.000      147848.
10996.10   3.6855E-13   50.000      144973.
11096.10   3.5816E-13   50.000      142050.
11196.10   3.4812E-13   50.000      139088.
11296.10   3.3842E-13   50.000      136097.
11396.10   3.2905E-13   50.000      133076.
11496.10   3.1999E-13   50.000      130041.
11596.10   3.1124E-13   50.000      126988.
11696.10   3.0277E-13   50.000      123934.
11796.10   2.9459E-13   50.000      120875.
11896.10   2.8667E-13   50.000      117824.
11996.10   2.7902E-13   50.000      114788.
12096.10   2.7161E-13   50.000      111767.
12196.10   2.6444E-13   50.000      108778.
12296.10   2.5750E-13   50.000      105814.
12396.10   2.5079E-13   50.000      102896.
12496.10   2.4429E-13   50.000      100016.
12596.10   2.3799E-13   50.000       97191.
12696.10   2.3189E-13   50.000       94423.
12796.10   2.2598E-13   50.000       91717.
12896.10   2.2026E-13   50.000       89087.
12996.10   2.1471E-13   50.000       86529.
13096.10   2.0934E-13   50.000       84059.
13196.10   2.0413E-13   50.000       81674.
13296.10   1.9907E-13   50.000       79389.
13396.10   1.9417E-13   50.000       77204.
13496.10   1.8942E-13   50.000       75129.
13596.10   1.8481E-13   50.000       73171.
13696.10   1.8034E-13   50.000       71332.
13796.10   1.7600E-13   50.000       69625.
13896.10   1.7179E-13   50.000       68051.
13996.10   1.6770E-13   50.000       66618.
14096.10   1.6373E-13   50.000       65333.
14196.10   1.5988E-13   50.000       64201.
14296.10   1.5613E-13   50.000       63231.
14396.10   1.5250E-13   50.000       62427.
14496.10   1.4897E-13   50.000       61798.
14596.10   1.4554E-13   50.000       61346.
14696.10   1.4220E-13   50.000       61082.
14796.10   1.3896E-13   50.000       61010.
14896.10   1.3581E-13   50.000       61137.
14996.10   1.3275E-13   50.000       61469.
15096.10   1.2978E-13   50.000       62014.
