# Tue 16:21:34 06-Feb-2024
begin	bs_WHT9899
	task	fitcoords
	axis	2
	units	angstroms
	surface	28
		2.
		4.
		5.
		1.
		1.
		500.
		1.
		1721.
		4943.215642358886
		0.0749182337218155
		-0.2875968352730626
		-1.778439683799429E-4
		182.2958240770473
		0.02708019642741959
		-0.03221526552177597
		-7.152236050856750E-4
		-1.033395618652862
		-0.002208200050390249
		9.152500025320620E-4
		0.001557146774911194
		-0.2326542517354496
		0.001461554940321804
		0.001071493047491777
		0.002688884441189693
		0.02645885486459393
		-0.001556702304618386
		1.955799996298945E-4
		-0.003009512750239222
