# Tue 15:16:57 06-Feb-2024
begin	identify bs_WHT9899[250,*]
	id	bs_WHT9899
	task	identify
	image	bs_WHT9899[250,*]
	units	Angstroms
	features	17
	        171.47 4764.85241  4764.8646  10.0 1 1 
	        363.99 4806.04093  4806.0205  10.0 1 1 
	        559.38 4847.82462  4847.8095  10.0 1 1 
	        643.97 4865.89883  4865.9105  10.0 1 1 
	        692.46 4876.25048  4876.2611  10.0 1 1 
	        709.40 4879.86696  4879.8635  10.0 1 1 
	        720.55  4882.2455  4882.2432  10.0 1 1 
	        752.39 4889.03998  4889.0422  10.0 1 1 
	        826.05  4904.7449  4904.7516  10.0 1 1 
	        959.75 4933.20351  4933.2091  10.0 1 1 
	       1109.90 4965.08237  4965.0795  10.0 1 1 
	       1143.27  4972.1531  4972.1597  10.0 1 1 
	       1319.23 5009.33937  5009.3344  10.0 1 1 
	       1356.39 5017.17138  5017.1628  10.0 1 1 
	       1570.15 5062.03987  5062.0371  10.0 1 1 
	       1706.53 5090.49409  5090.4951  10.0 1 1 
	       1778.92  5105.5361    5105.54  10.0 1 1 
	function legendre
	order 4
	sample *
	naverage 1
	niterate 0
	low_reject 3.
	high_reject 3.
	grow 0.
	coefficients	8
		2.
		4.
		171.4710502624512
		1778.919067382812
		4936.056652550966
		170.5408523553172
		-0.8623962243833288
		-0.1990094077275079

# Tue 15:51:29 06-Feb-2024
begin	identify bs_WHT9899[230,*]
	id	bs_WHT9899
	task	identify
	image	bs_WHT9899[230,*]
	units	Angstroms
	features	17
	        171.50 4764.85365  4764.8646  10.0 1 1 
	        364.03 4806.03595  4806.0205  10.0 1 1 
	        559.42 4847.81467  4847.8095  10.0 1 1 
	        644.09 4865.90165  4865.9105  10.0 1 1 
	        692.92 4876.32671  4876.2611  10.0 1 1 
	        709.44 4879.85298  4879.8635  10.0 1 1 
	        720.52 4882.21825  4882.2432  10.0 1 1 
	        752.42 4889.02415  4889.0422  10.0 1 1 
	        826.14 4904.74028  4904.7516  10.0 1 1 
	        959.80 4933.19243  4933.2091  10.0 1 1 
	       1109.96 4965.07181  4965.0795  10.0 1 1 
	       1143.48  4972.1746  4972.1597  10.0 1 1 
	       1319.35  5009.3449  5009.3344  10.0 1 1 
	       1356.42 5017.15691  5017.1628  10.0 1 1 
	       1570.27 5062.04639  5062.0371  10.0 1 1 
	       1706.64 5090.49869  5090.4951  10.0 1 1 
	       1778.98 5105.53038    5105.54  10.0 1 1 
	function legendre
	order 4
	sample *
	naverage 1
	niterate 0
	low_reject 3.
	high_reject 3.
	grow 0.
	coefficients	8
		2.
		4.
		171.5029144287109
		1778.979858398438
		4936.047013108447
		170.5405316917731
		-0.8550002077124903
		-0.2021676079284238

# Tue 15:51:29 06-Feb-2024
begin	identify bs_WHT9899[210,*]
	id	bs_WHT9899
	task	identify
	image	bs_WHT9899[210,*]
	units	Angstroms
	features	17
	        171.54 4764.85094  4764.8646  10.0 1 1 
	        364.08 4806.04125  4806.0205  10.0 1 1 
	        559.49  4847.8262  4847.8095  10.0 1 1 
	        644.09 4865.90015  4865.9105  10.0 1 1 
	        692.85 4876.30979  4876.2611  10.0 1 1 
	        709.50 4879.86437  4879.8635  10.0 1 1 
	        720.45 4882.20136  4882.2432  10.0 1 1 
	        752.40  4889.0176  4889.0422  10.0 1 1 
	        826.17 4904.74305  4904.7516  10.0 1 1 
	        959.91 4933.21009  4933.2091  10.0 1 1 
	       1110.04 4965.08103  4965.0795  10.0 1 1 
	       1143.50 4972.17022  4972.1597  10.0 1 1 
	       1319.30 5009.32112  5009.3344  10.0 1 1 
	       1356.54 5017.16919  5017.1628  10.0 1 1 
	       1570.35 5062.04599  5062.0371  10.0 1 1 
	       1706.77 5090.50736  5090.4951  10.0 1 1 
	       1779.04 5105.52469    5105.54  10.0 1 1 
	function legendre
	order 4
	sample *
	naverage 1
	niterate 0
	low_reject 3.
	high_reject 3.
	grow 0.
	coefficients	8
		2.
		4.
		171.5438137054444
		1779.040771484375
		4936.049367537332
		170.535067140358
		-0.8615488409941491
		-0.1981919484081369

# Tue 15:51:29 06-Feb-2024
begin	identify bs_WHT9899[190,*]
	id	bs_WHT9899
	task	identify
	image	bs_WHT9899[190,*]
	units	Angstroms
	features	17
	        171.63 4764.84958  4764.8646  10.0 1 1 
	        364.19 4806.04301  4806.0205  10.0 1 1 
	        559.60 4847.82689  4847.8095  10.0 1 1 
	        644.25 4865.91146  4865.9105  10.0 1 1 
	        692.71 4876.25606  4876.2611  10.0 1 1 
	        709.59 4879.85857  4879.8635  10.0 1 1 
	        720.71 4882.23211  4882.2432  10.0 1 1 
	        752.61  4889.0379  4889.0422  10.0 1 1 
	        826.34  4904.7552  4904.7516  10.0 1 1 
	        959.98 4933.20064  4933.2091  10.0 1 1 
	       1110.14 4965.07672  4965.0795  10.0 1 1 
	       1143.51 4972.14629  4972.1597  10.0 1 1 
	       1319.54 5009.34662  5009.3344  10.0 1 1 
	       1356.66 5017.16893  5017.1628  10.0 1 1 
	       1570.49 5062.05086  5062.0371  10.0 1 1 
	       1706.80   5090.491  5090.4951  10.0 1 1 
	       1779.19 5105.53257    5105.54  10.0 1 1 
	function legendre
	order 4
	sample *
	naverage 1
	niterate 0
	low_reject 3.
	high_reject 3.
	grow 0.
	coefficients	8
		2.
		4.
		171.6291885375976
		1779.185302734375
		4936.049698084438
		170.5389836240194
		-0.8586230676579983
		-0.1974919295126456

# Tue 15:51:29 06-Feb-2024
begin	identify bs_WHT9899[170,*]
	id	bs_WHT9899
	task	identify
	image	bs_WHT9899[170,*]
	units	Angstroms
	features	17
	        171.71 4764.84909  4764.8646  10.0 1 1 
	        364.28 4806.04897  4806.0205  10.0 1 1 
	        559.66 4847.82752  4847.8095  10.0 1 1 
	        644.31 4865.90928  4865.9105  10.0 1 1 
	        692.90 4876.28408  4876.2611  10.0 1 1 
	        709.68 4879.86443  4879.8635  10.0 1 1 
	        720.57 4882.18874  4882.2432  10.0 1 1 
	        752.58 4889.01646  4889.0422  10.0 1 1 
	        826.42 4904.75546  4904.7516  10.0 1 1 
	        960.20 4933.22677  4933.2091  10.0 1 1 
	       1110.27 4965.08259  4965.0795  10.0 1 1 
	       1143.70 4972.16428  4972.1597  10.0 1 1 
	       1319.55 5009.32358  5009.3344  10.0 1 1 
	       1356.80 5017.17187  5017.1628  10.0 1 1 
	       1570.54 5062.03389  5062.0371  10.0 1 1 
	       1707.01 5090.50724  5090.4951  10.0 1 1 
	       1779.30 5105.53017    5105.54  10.0 1 1 
	function legendre
	order 4
	sample *
	naverage 1
	niterate 0
	low_reject 3.
	high_reject 3.
	grow 0.
	coefficients	8
		2.
		4.
		171.7144889831543
		1779.296020507812
		4936.050449033954
		170.5326080545447
		-0.8608193772758276
		-0.1920701659382395

# Tue 15:51:29 06-Feb-2024
begin	identify bs_WHT9899[150,*]
	id	bs_WHT9899
	task	identify
	image	bs_WHT9899[150,*]
	units	Angstroms
	features	17
	        171.85 4764.85062  4764.8646  10.0 1 1 
	        364.42 4806.04441  4806.0205  10.0 1 1 
	        559.82  4847.8258  4847.8095  10.0 1 1 
	        644.37 4865.88717  4865.9105  10.0 1 1 
	        692.95 4876.25833  4876.2611  10.0 1 1 
	        709.83    4879.86  4879.8635  10.0 1 1 
	        721.07  4882.2585  4882.2432  10.0 1 1 
	        752.79  4889.0258  4889.0422  10.0 1 1 
	        826.61 4904.76259  4904.7516  10.0 1 1 
	        960.22 4933.19929  4933.2091  10.0 1 1 
	       1110.42  4965.0818  4965.0795  10.0 1 1 
	       1143.76 4972.14656  4972.1597  10.0 1 1 
	       1319.78 5009.33961  5009.3344  10.0 1 1 
	       1356.92 5017.16618  5017.1628  10.0 1 1 
	       1570.79 5062.05266  5062.0371  10.0 1 1 
	       1707.13  5090.4945  5090.4951  10.0 1 1 
	       1779.50  5105.5306    5105.54  10.0 1 1 
	function legendre
	order 4
	sample *
	naverage 1
	niterate 0
	low_reject 3.
	high_reject 3.
	grow 0.
	coefficients	8
		2.
		4.
		171.8478317260742
		1779.504150390625
		4936.052917812416
		170.539000716987
		-0.8623081611078299
		-0.1990107104508821

# Tue 15:51:29 06-Feb-2024
begin	identify bs_WHT9899[130,*]
	id	bs_WHT9899
	task	identify
	image	bs_WHT9899[130,*]
	units	Angstroms
	features	17
	        171.99 4764.85022  4764.8646  10.0 1 1 
	        364.57 4806.04385  4806.0205  10.0 1 1 
	        559.96  4847.8205  4847.8095  10.0 1 1 
	        644.61 4865.90156  4865.9105  10.0 1 1 
	        693.35 4876.30741  4876.2611  10.0 1 1 
	        710.01 4879.86294  4879.8635  10.0 1 1 
	        721.07  4882.2224  4882.2432  10.0 1 1 
	        752.90  4889.0123  4889.0422  10.0 1 1 
	        826.63 4904.72746  4904.7516  10.0 1 1 
	        960.49 4933.21725  4933.2091  10.0 1 1 
	       1110.58 4965.07809  4965.0795  10.0 1 1 
	       1144.04 4972.16528  4972.1597  10.0 1 1 
	       1319.93  5009.3323  5009.3344  10.0 1 1 
	       1357.14 5017.17193  5017.1628  10.0 1 1 
	       1570.91 5062.03699  5062.0371  10.0 1 1 
	       1707.38 5090.50449  5090.4951  10.0 1 1 
	       1779.70 5105.52943    5105.54  10.0 1 1 
	function legendre
	order 4
	sample *
	naverage 1
	niterate 0
	low_reject 3.
	high_reject 3.
	grow 0.
	coefficients	8
		2.
		4.
		171.9886169433594
		1779.695434570313
		4936.050540584414
		170.5389774372547
		-0.8607177223225944
		-0.1993699552155932

# Tue 15:51:29 06-Feb-2024
begin	identify bs_WHT9899[110,*]
	id	bs_WHT9899
	task	identify
	image	bs_WHT9899[110,*]
	units	Angstroms
	features	17
	        172.17 4764.85188  4764.8646  10.0 1 1 
	        364.72 4806.04117  4806.0205  10.0 1 1 
	        560.17 4847.82898  4847.8095  10.0 1 1 
	        644.62 4865.86822  4865.9105  10.0 1 1 
	        693.34 4876.26765  4876.2611  10.0 1 1 
	        710.20 4879.86602  4879.8635  10.0 1 1 
	        721.44 4882.26385  4882.2432  10.0 1 1 
	        753.17 4889.03249  4889.0422  10.0 1 1 
	        826.97 4904.76272  4904.7516  10.0 1 1 
	        960.52 4933.18587  4933.2091  10.0 1 1 
	       1110.79 4965.08229  4965.0795  10.0 1 1 
	       1144.13 4972.14468  4972.1597  10.0 1 1 
	       1320.17 5009.34083  5009.3344  10.0 1 1 
	       1357.34 5017.17297  5017.1628  10.0 1 1 
	       1571.18 5062.05295  5062.0371  10.0 1 1 
	       1707.48  5090.4855  5090.4951  10.0 1 1 
	       1779.92 5105.53633    5105.54  10.0 1 1 
	function legendre
	order 4
	sample *
	naverage 1
	niterate 0
	low_reject 3.
	high_reject 3.
	grow 0.
	coefficients	8
		2.
		4.
		172.1665840148926
		1779.923461914063
		4936.055022168782
		170.539767702066
		-0.8609203479649634
		-0.1975433425039532

# Tue 15:51:29 06-Feb-2024
begin	identify bs_WHT9899[90,*]
	id	bs_WHT9899
	task	identify
	image	bs_WHT9899[90,*]
	units	Angstroms
	features	17
	        172.35 4764.85115  4764.8646  10.0 1 1 
	        364.92 4806.04455  4806.0205  10.0 1 1 
	        560.33 4847.82162  4847.8095  10.0 1 1 
	        644.95 4865.89488  4865.9105  10.0 1 1 
	        693.72 4876.30566  4876.2611  10.0 1 1 
	        710.43 4879.87046  4879.8635  10.0 1 1 
	        721.29 4882.18843  4882.2432  10.0 1 1 
	        753.38 4889.03136  4889.0422  10.0 1 1 
	        827.10 4904.74518  4904.7516  10.0 1 1 
	        960.91 4933.21841  4933.2091  10.0 1 1 
	       1111.02 4965.07702  4965.0795  10.0 1 1 
	       1144.47 4972.16193  4972.1597  10.0 1 1 
	       1320.40 5009.33423  5009.3344  10.0 1 1 
	       1357.58 5017.16647  5017.1628  10.0 1 1 
	       1571.39  5062.0395  5062.0371  10.0 1 1 
	       1707.83 5090.50296  5090.4951  10.0 1 1 
	       1780.15  5105.5306    5105.54  10.0 1 1 
	function legendre
	order 4
	sample *
	naverage 1
	niterate 0
	low_reject 3.
	high_reject 3.
	grow 0.
	coefficients	8
		2.
		4.
		172.350456237793
		1780.153076171875
		4936.049672672192
		170.5321840869062
		-0.8587972232457994
		-0.1924633017314382

# Tue 15:51:29 06-Feb-2024
begin	identify bs_WHT9899[70,*]
	id	bs_WHT9899
	task	identify
	image	bs_WHT9899[70,*]
	units	Angstroms
	features	17
	        172.55 4764.84967  4764.8646  10.0 1 1 
	        365.17 4806.05004  4806.0205  10.0 1 1 
	        560.61 4847.83239  4847.8095  10.0 1 1 
	        645.09 4865.87687  4865.9105  10.0 1 1 
	        693.65  4876.2406  4876.2611  10.0 1 1 
	        710.64 4879.86706  4879.8635  10.0 1 1 
	        721.78 4882.24306  4882.2432  10.0 1 1 
	        753.61 4889.03104  4889.0422  10.0 1 1 
	        827.52 4904.78461  4904.7516  10.0 1 1 
	        961.01 4933.19022  4933.2091  10.0 1 1 
	       1111.29 4965.08594  4965.0795  10.0 1 1 
	       1144.69 4972.15972  4972.1597  10.0 1 1 
	       1320.61 5009.32641  5009.3344  10.0 1 1 
	       1357.85 5017.17331  5017.1628  10.0 1 1 
	       1571.69 5062.04829  5062.0371  10.0 1 1 
	       1708.00 5090.48325  5090.4951  10.0 1 1 
	       1780.48 5105.54193    5105.54  10.0 1 1 
	function legendre
	order 4
	sample *
	naverage 1
	niterate 0
	low_reject 3.
	high_reject 3.
	grow 0.
	coefficients	8
		2.
		4.
		172.5548267364502
		1780.481079101563
		4936.05614443083
		170.5408854309625
		-0.8603463653739893
		-0.1947553184285008

# Tue 15:51:29 06-Feb-2024
begin	identify bs_WHT9899[50,*]
	id	bs_WHT9899
	task	identify
	image	bs_WHT9899[50,*]
	units	Angstroms
	features	17
	        172.78 4764.84981  4764.8646  10.0 1 1 
	        365.43 4806.04038  4806.0205  10.0 1 1 
	        560.81 4847.80498  4847.8095  10.0 1 1 
	        645.61 4865.91612  4865.9105  10.0 1 1 
	        694.51  4876.3534  4876.2611  10.0 1 1 
	        710.91 4879.85419  4879.8635  10.0 1 1 
	        721.95  4882.2093  4882.2432  10.0 1 1 
	        753.85 4889.01401  4889.0422  10.0 1 1 
	        827.55 4904.72137  4904.7516  10.0 1 1 
	        961.39 4933.20603  4933.2091  10.0 1 1 
	       1111.56 4965.08083  4965.0795  10.0 1 1 
	       1144.87 4972.13708  4972.1597  10.0 1 1 
	       1320.97 5009.34451  5009.3344  10.0 1 1 
	       1358.15 5017.17806  5017.1628  10.0 1 1 
	       1572.00 5062.05004  5062.0371  10.0 1 1 
	       1708.43 5090.49977  5090.4951  10.0 1 1 
	       1780.79 5105.52451    5105.54  10.0 1 1 
	function legendre
	order 4
	sample *
	naverage 1
	niterate 0
	low_reject 3.
	high_reject 3.
	grow 0.
	coefficients	8
		2.
		4.
		172.7758674621582
		1780.786865234375
		4936.047410159464
		170.5480084169299
		-0.8602494796205794
		-0.2106600892438367

# Tue 15:51:29 06-Feb-2024
begin	identify bs_WHT9899[30,*]
	id	bs_WHT9899
	task	identify
	image	bs_WHT9899[30,*]
	units	Angstroms
	features	17
	        173.04 4764.84899  4764.8646  10.0 1 1 
	        365.68 4806.05004  4806.0205  10.0 1 1 
	        561.16  4847.8352  4847.8095  10.0 1 1 
	        645.63 4865.87503  4865.9105  10.0 1 1 
	        694.25 4876.25102  4876.2611  10.0 1 1 
	        711.21 4879.86832  4879.8635  10.0 1 1 
	        722.34 4882.24404  4882.2432  10.0 1 1 
	        754.14   4889.024  4889.0422  10.0 1 1 
	        828.05  4904.7753  4904.7516  10.0 1 1 
	        961.58 4933.18542  4933.2091  10.0 1 1 
	       1111.86 4965.07578  4965.0795  10.0 1 1 
	       1145.40 4972.18088  4972.1597  10.0 1 1 
	       1321.28 5009.33464  5009.3344  10.0 1 1 
	       1358.46 5017.16692  5017.1628  10.0 1 1 
	       1572.29 5062.03724  5062.0371  10.0 1 1 
	       1708.71 5090.49177  5090.4951  10.0 1 1 
	       1781.14 5105.53979    5105.54  10.0 1 1 
	function legendre
	order 4
	sample *
	naverage 1
	niterate 0
	low_reject 3.
	high_reject 3.
	grow 0.
	coefficients	8
		2.
		4.
		173.0360565185547
		1781.136108398437
		4936.051840745593
		170.5390741599191
		-0.8574509908975633
		-0.1936738743196325

# Tue 15:51:29 06-Feb-2024
begin	identify bs_WHT9899[10,*]
	id	bs_WHT9899
	task	identify
	image	bs_WHT9899[10,*]
	units	Angstroms
	features	17
	        173.33 4764.85249  4764.8646  10.0 1 1 
	        365.97 4806.03615  4806.0205  10.0 1 1 
	        561.44 4847.81473  4847.8095  10.0 1 1 
	        646.14 4865.90448  4865.9105  10.0 1 1 
	        694.91 4876.31289  4876.2611  10.0 1 1 
	        711.52 4879.85547  4879.8635  10.0 1 1 
	        722.68  4882.2364  4882.2432  10.0 1 1 
	        754.46 4889.01526  4889.0422  10.0 1 1 
	        828.26 4904.74273  4904.7516  10.0 1 1 
	        962.02 4933.20616  4933.2091  10.0 1 1 
	       1112.22 4965.08399  4965.0795  10.0 1 1 
	       1145.48 4972.12909  4972.1597  10.0 1 1 
	       1321.63 5009.34177  5009.3344  10.0 1 1 
	       1358.81 5017.17461  5017.1628  10.0 1 1 
	       1572.71 5062.05362  5062.0371  10.0 1 1 
	       1709.15 5090.50145  5090.4951  10.0 1 1 
	       1781.49 5105.52312    5105.54  10.0 1 1 
	function legendre
	order 4
	sample *
	naverage 1
	niterate 0
	low_reject 3.
	high_reject 3.
	grow 0.
	coefficients	8
		2.
		4.
		173.3347759246826
		1781.488891601563
		4936.047520346106
		170.543774300749
		-0.859714002898719
		-0.2084613560307623

# Tue 15:51:29 06-Feb-2024
begin	identify bs_WHT9899[270,*]
	id	bs_WHT9899
	task	identify
	image	bs_WHT9899[270,*]
	units	Angstroms
	features	17
	        171.47 4764.85609  4764.8646  10.0 1 1 
	        364.00 4806.03454  4806.0205  10.0 1 1 
	        559.37 4847.80998  4847.8095  10.0 1 1 
	        644.02 4865.89324  4865.9105  10.0 1 1 
	        692.87 4876.32383  4876.2611  10.0 1 1 
	        709.39 4879.84884  4879.8635  10.0 1 1 
	        720.54 4882.22947  4882.2432  10.0 1 1 
	        752.39 4889.02283  4889.0422  10.0 1 1 
	        826.20 4904.75993  4904.7516  10.0 1 1 
	        959.71 4933.18153  4933.2091  10.0 1 1 
	       1109.89  4965.0683  4965.0795  10.0 1 1 
	       1143.46 4972.18084  4972.1597  10.0 1 1 
	       1319.30 5009.34715  5009.3344  10.0 1 1 
	       1356.35 5017.15448  5017.1628  10.0 1 1 
	       1570.17 5062.04097  5062.0371  10.0 1 1 
	       1706.57 5090.49998  5090.4951  10.0 1 1 
	       1778.91 5105.53241    5105.54  10.0 1 1 
	function legendre
	order 4
	sample *
	naverage 1
	niterate 0
	low_reject 3.
	high_reject 3.
	grow 0.
	coefficients	8
		2.
		4.
		171.4701118469238
		1778.90771484375
		4936.046009087532
		170.5422195297292
		-0.8517592276611802
		-0.2040568616520325

# Tue 15:51:29 06-Feb-2024
begin	identify bs_WHT9899[290,*]
	id	bs_WHT9899
	task	identify
	image	bs_WHT9899[290,*]
	units	Angstroms
	features	17
	        171.47 4764.85213  4764.8646  10.0 1 1 
	        363.99  4806.0365  4806.0205  10.0 1 1 
	        559.39 4847.82048  4847.8095  10.0 1 1 
	        644.07 4865.91338  4865.9105  10.0 1 1 
	        692.58 4876.27036  4876.2611  10.0 1 1 
	        709.40 4879.85999  4879.8635  10.0 1 1 
	        720.57 4882.24493  4882.2432  10.0 1 1 
	        752.33 4889.02199  4889.0422  10.0 1 1 
	        826.13 4904.75701  4904.7516  10.0 1 1 
	        959.74 4933.19838  4933.2091  10.0 1 1 
	       1109.92 4965.08423  4965.0795  10.0 1 1 
	       1143.17 4972.13097  4972.1597  10.0 1 1 
	       1319.23 5009.34089  5009.3344  10.0 1 1 
	       1356.41 5017.17522  5017.1628  10.0 1 1 
	       1570.21   5062.054  5062.0371  10.0 1 1 
	       1706.55 5090.49937  5090.4951  10.0 1 1 
	       1778.87 5105.52456    5105.54  10.0 1 1 
	function legendre
	order 4
	sample *
	naverage 1
	niterate 0
	low_reject 3.
	high_reject 3.
	grow 0.
	coefficients	8
		2.
		4.
		171.4731998443603
		1778.869384765625
		4936.049066496373
		170.5395397008231
		-0.860720052091111
		-0.2033279681046723

# Tue 15:51:29 06-Feb-2024
begin	identify bs_WHT9899[310,*]
	id	bs_WHT9899
	task	identify
	image	bs_WHT9899[310,*]
	units	Angstroms
	features	17
	        171.52 4764.84917  4764.8646  10.0 1 1 
	        364.06 4806.04397  4806.0205  10.0 1 1 
	        559.42 4847.82232  4847.8095  10.0 1 1 
	        644.06 4865.90715  4865.9105  10.0 1 1 
	        692.74 4876.29949  4876.2611  10.0 1 1 
	        709.43  4879.8632  4879.8635  10.0 1 1 
	        720.48 4882.22026  4882.2432  10.0 1 1 
	        752.41 4889.03286  4889.0422  10.0 1 1 
	        825.98 4904.71693  4904.7516  10.0 1 1 
	        959.75 4933.19162  4933.2091  10.0 1 1 
	       1109.94 4965.07639  4965.0795  10.0 1 1 
	       1143.51 4972.18928  4972.1597  10.0 1 1 
	       1319.32 5009.34407  5009.3344  10.0 1 1 
	       1356.41 5017.15944  5017.1628  10.0 1 1 
	       1570.19 5062.03518  5062.0371  10.0 1 1 
	       1706.60  5090.4988  5090.4951  10.0 1 1 
	       1778.95 5105.53427    5105.54  10.0 1 1 
	function legendre
	order 4
	sample *
	naverage 1
	niterate 0
	low_reject 3.
	high_reject 3.
	grow 0.
	coefficients	8
		2.
		4.
		171.5204429626465
		1778.949951171875
		4936.052669538052
		170.538015675077
		-0.8609467026778244
		-0.1954655761281459

# Tue 15:51:29 06-Feb-2024
begin	identify bs_WHT9899[330,*]
	id	bs_WHT9899
	task	identify
	image	bs_WHT9899[330,*]
	units	Angstroms
	features	17
	        171.57 4764.85293  4764.8646  10.0 1 1 
	        364.10  4806.0405  4806.0205  10.0 1 1 
	        559.50 4847.82655  4847.8095  10.0 1 1 
	        643.99 4865.87744  4865.9105  10.0 1 1 
	        692.50 4876.23577  4876.2611  10.0 1 1 
	        709.49 4879.86217  4879.8635  10.0 1 1 
	        720.87 4882.29021  4882.2432  10.0 1 1 
	        752.44 4889.02513  4889.0422  10.0 1 1 
	        826.28 4904.76946  4904.7516  10.0 1 1 
	        959.84 4933.20049  4933.2091  10.0 1 1 
	       1110.00 4965.08037  4965.0795  10.0 1 1 
	       1143.31 4972.13896  4972.1597  10.0 1 1 
	       1319.28 5009.32779  5009.3344  10.0 1 1 
	       1356.52 5017.17566  5017.1628  10.0 1 1 
	       1570.32 5062.05434  5062.0371  10.0 1 1 
	       1706.68 5090.50299  5090.4951  10.0 1 1 
	       1778.97 5105.52364    5105.54  10.0 1 1 
	function legendre
	order 4
	sample *
	naverage 1
	niterate 0
	low_reject 3.
	high_reject 3.
	grow 0.
	coefficients	8
		2.
		4.
		171.5715866088867
		1778.968383789063
		4936.049452851055
		170.5359406739576
		-0.8611655318327475
		-0.2005839605135272

# Tue 15:51:29 06-Feb-2024
begin	identify bs_WHT9899[350,*]
	id	bs_WHT9899
	task	identify
	image	bs_WHT9899[350,*]
	units	Angstroms
	features	17
	        171.66  4764.8516  4764.8646  10.0 1 1 
	        364.22 4806.04397  4806.0205  10.0 1 1 
	        559.55 4847.81382  4847.8095  10.0 1 1 
	        644.04 4865.86361  4865.9105  10.0 1 1 
	        693.17 4876.35513  4876.2611  10.0 1 1 
	        709.58 4879.85597  4879.8635  10.0 1 1 
	        720.69 4882.22791  4882.2432  10.0 1 1 
	        752.54 4889.02174  4889.0422  10.0 1 1 
	        826.21 4904.72974  4904.7516  10.0 1 1 
	        959.95 4933.19737  4933.2091  10.0 1 1 
	       1110.09 4965.07435  4965.0795  10.0 1 1 
	       1143.60 4972.17438  4972.1597  10.0 1 1 
	       1319.45  5009.3401  5009.3344  10.0 1 1 
	       1356.57   5017.161  5017.1628  10.0 1 1 
	       1570.36 5062.04149  5062.0371  10.0 1 1 
	       1706.78 5090.50284  5090.4951  10.0 1 1 
	       1779.09 5105.52939    5105.54  10.0 1 1 
	function legendre
	order 4
	sample *
	naverage 1
	niterate 0
	low_reject 3.
	high_reject 3.
	grow 0.
	coefficients	8
		2.
		4.
		171.6643924713135
		1779.087646484375
		4936.048527217663
		170.5387343784404
		-0.8580350881747772
		-0.1998404462287797

# Tue 15:51:29 06-Feb-2024
begin	identify bs_WHT9899[370,*]
	id	bs_WHT9899
	task	identify
	image	bs_WHT9899[370,*]
	units	Angstroms
	features	17
	        171.77 4764.84824  4764.8646  10.0 1 1 
	        364.31 4806.04613  4806.0205  10.0 1 1 
	        559.66 4847.82298  4847.8095  10.0 1 1 
	        644.34 4865.91506  4865.9105  10.0 1 1 
	        692.78 4876.25786  4876.2611  10.0 1 1 
	        709.67 4879.86264  4879.8635  10.0 1 1 
	        720.76 4882.22886  4882.2432  10.0 1 1 
	        752.65 4889.03282  4889.0422  10.0 1 1 
	        826.40 4904.75442  4904.7516  10.0 1 1 
	        960.05 4933.20218  4933.2091  10.0 1 1 
	       1110.22  4965.0807  4965.0795  10.0 1 1 
	       1143.56 4972.14583  4972.1597  10.0 1 1 
	       1319.56 5009.33862  5009.3344  10.0 1 1 
	       1356.73 5017.17113  5017.1628  10.0 1 1 
	       1570.53 5062.04861  5062.0371  10.0 1 1 
	       1706.92 5090.50604  5090.4951  10.0 1 1 
	       1779.18 5105.52227    5105.54  10.0 1 1 
	function legendre
	order 4
	sample *
	naverage 1
	niterate 0
	low_reject 3.
	high_reject 3.
	grow 0.
	coefficients	8
		2.
		4.
		171.7748126983643
		1779.17822265625
		4936.049539883712
		170.5296758406864
		-0.8642864118410328
		-0.1926631532341529

# Tue 15:51:29 06-Feb-2024
begin	identify bs_WHT9899[390,*]
	id	bs_WHT9899
	task	identify
	image	bs_WHT9899[390,*]
	units	Angstroms
	features	17
	        171.91 4764.85356  4764.8646  10.0 1 1 
	        364.44 4806.04512  4806.0205  10.0 1 1 
	        559.79 4847.81757  4847.8095  10.0 1 1 
	        644.32 4865.87594  4865.9105  10.0 1 1 
	        693.23 4876.31703  4876.2611  10.0 1 1 
	        709.82 4879.85749  4879.8635  10.0 1 1 
	        720.93  4882.2277  4882.2432  10.0 1 1 
	        752.76 4889.01744  4889.0422  10.0 1 1 
	        826.48 4904.73349  4904.7516  10.0 1 1 
	        960.26 4933.20737  4933.2091  10.0 1 1 
	       1110.34 4965.06707  4965.0795  10.0 1 1 
	       1144.10 4972.21942  4972.1597  10.0 1 1 
	       1319.66 5009.31963  5009.3344  10.0 1 1 
	       1356.84 5017.15559  5017.1628  10.0 1 1 
	       1570.58 5062.02667  5062.0371  10.0 1 1 
	       1707.06 5090.50731  5090.4951  10.0 1 1 
	       1779.36 5105.53602    5105.54  10.0 1 1 
	function legendre
	order 4
	sample *
	naverage 1
	niterate 0
	low_reject 3.
	high_reject 3.
	grow 0.
	coefficients	8
		2.
		4.
		171.914083480835
		1779.356567382812
		4936.048443727949
		170.5323915827723
		-0.8536581287239741
		-0.1911611460521572

# Tue 15:51:29 06-Feb-2024
begin	identify bs_WHT9899[410,*]
	id	bs_WHT9899
	task	identify
	image	bs_WHT9899[410,*]
	units	Angstroms
	features	17
	        172.07 4764.85602  4764.8646  10.0 1 1 
	        364.60 4806.03279  4806.0205  10.0 1 1 
	        559.99 4847.80919  4847.8095  10.0 1 1 
	        644.62 4865.89087  4865.9105  10.0 1 1 
	        693.20 4876.26429  4876.2611  10.0 1 1 
	        709.99 4879.84683  4879.8635  10.0 1 1 
	        721.53 4882.31068  4882.2432  10.0 1 1 
	        752.99 4889.02237  4889.0422  10.0 1 1 
	        826.77  4904.7542  4904.7516  10.0 1 1 
	        960.38 4933.19666  4933.2091  10.0 1 1 
	       1110.55 4965.08349  4965.0795  10.0 1 1 
	       1143.75 4972.11824  4972.1597  10.0 1 1 
	       1319.88 5009.34263  5009.3344  10.0 1 1 
	       1357.05   5017.176  5017.1628  10.0 1 1 
	       1570.87 5062.05525  5062.0371  10.0 1 1 
	       1707.25 5090.50391  5090.4951  10.0 1 1 
	       1779.55 5105.52097    5105.54  10.0 1 1 
	function legendre
	order 4
	sample *
	naverage 1
	niterate 0
	low_reject 3.
	high_reject 3.
	grow 0.
	coefficients	8
		2.
		4.
		172.0746994018555
		1779.547729492187
		4936.048250905956
		170.5434848811858
		-0.8597540447738751
		-0.2110092082631694

# Tue 15:51:29 06-Feb-2024
begin	identify bs_WHT9899[430,*]
	id	bs_WHT9899
	task	identify
	image	bs_WHT9899[430,*]
	units	Angstroms
	features	17
	        172.26 4764.85687  4764.8646  10.0 1 1 
	        364.78 4806.03578  4806.0205  10.0 1 1 
	        560.14 4847.80689  4847.8095  10.0 1 1 
	        644.71 4865.87297  4865.9105  10.0 1 1 
	        693.78 4876.34931  4876.2611  10.0 1 1 
	        710.18  4879.8487  4879.8635  10.0 1 1 
	        721.40 4882.24395  4882.2432  10.0 1 1 
	        753.13 4889.01198  4889.0422  10.0 1 1 
	        826.91 4904.74099  4904.7516  10.0 1 1 
	        960.56 4933.18872  4933.2091  10.0 1 1 
	       1110.71 4965.06676  4965.0795  10.0 1 1 
	       1144.38 4972.20009  4972.1597  10.0 1 1 
	       1320.06 5009.32763  5009.3344  10.0 1 1 
	       1357.23 5017.16155  5017.1628  10.0 1 1 
	       1570.99 5062.03277  5062.0371  10.0 1 1 
	       1707.49 5090.50987  5090.4951  10.0 1 1 
	       1779.77 5105.52957    5105.54  10.0 1 1 
	function legendre
	order 4
	sample *
	naverage 1
	niterate 0
	low_reject 3.
	high_reject 3.
	grow 0.
	coefficients	8
		2.
		4.
		172.2596473693848
		1779.770385742187
		4936.04778169895
		170.5382298115416
		-0.8545585348470444
		-0.2018801259802124

# Tue 15:51:29 06-Feb-2024
begin	identify bs_WHT9899[450,*]
	id	bs_WHT9899
	task	identify
	image	bs_WHT9899[450,*]
	units	Angstroms
	features	17
	        172.46 4764.84874  4764.8646  10.0 1 1 
	        365.01 4806.04663  4806.0205  10.0 1 1 
	        560.39  4847.8273  4847.8095  10.0 1 1 
	        645.03 4865.90948  4865.9105  10.0 1 1 
	        693.36 4876.22812  4876.2611  10.0 1 1 
	        710.40 4879.86362  4879.8635  10.0 1 1 
	        721.62 4882.25848  4882.2432  10.0 1 1 
	        753.36 4889.03064  4889.0422  10.0 1 1 
	        827.13 4904.75605  4904.7516  10.0 1 1 
	        960.76 4933.19795  4933.2091  10.0 1 1 
	       1110.97 4965.08346  4965.0795  10.0 1 1 
	       1144.32 4972.14998  4972.1597  10.0 1 1 
	       1320.32 5009.34184  5009.3344  10.0 1 1 
	       1357.46 5017.16801  5017.1628  10.0 1 1 
	       1571.28 5062.04838  5062.0371  10.0 1 1 
	       1707.62  5090.4927  5090.4951  10.0 1 1 
	       1780.00 5105.53302    5105.54  10.0 1 1 
	function legendre
	order 4
	sample *
	naverage 1
	niterate 0
	low_reject 3.
	high_reject 3.
	grow 0.
	coefficients	8
		2.
		4.
		172.4604301452637
		1779.997314453125
		4936.054288461763
		170.5364952748601
		-0.8634077131813565
		-0.1943545930333802

# Tue 15:51:29 06-Feb-2024
begin	identify bs_WHT9899[470,*]
	id	bs_WHT9899
	task	identify
	image	bs_WHT9899[470,*]
	units	Angstroms
	features	17
	        172.67 4764.85117  4764.8646  10.0 1 1 
	        365.26 4806.04317  4806.0205  10.0 1 1 
	        560.60 4847.80755  4847.8095  10.0 1 1 
	        645.31 4865.90417  4865.9105  10.0 1 1 
	        694.28 4876.35982  4876.2611  10.0 1 1 
	        710.62 4879.84767  4879.8635  10.0 1 1 
	        721.62 4882.19344  4882.2432  10.0 1 1 
	        753.59 4889.01436  4889.0422  10.0 1 1 
	        827.35 4904.73917  4904.7516  10.0 1 1 
	        961.03 4933.19502  4933.2091  10.0 1 1 
	       1111.19 4965.07444  4965.0795  10.0 1 1 
	       1144.76 4972.18677  4972.1597  10.0 1 1 
	       1320.48  5009.3213  5009.3344  10.0 1 1 
	       1357.74 5017.17355  5017.1628  10.0 1 1 
	       1571.50 5062.03804  5062.0371  10.0 1 1 
	       1707.99 5090.50785  5090.4951  10.0 1 1 
	       1780.29 5105.52693    5105.54  10.0 1 1 
	function legendre
	order 4
	sample *
	naverage 1
	niterate 0
	low_reject 3.
	high_reject 3.
	grow 0.
	coefficients	8
		2.
		4.
		172.6700267791748
		1780.29248046875
		4936.049492510924
		170.5443788614533
		-0.8604456901193097
		-0.2064998583368077

# Tue 15:51:29 06-Feb-2024
begin	identify bs_WHT9899[490,*]
	id	bs_WHT9899
	task	identify
	image	bs_WHT9899[490,*]
	units	Angstroms
	features	17
	        172.91 4764.85086  4764.8646  10.0 1 1 
	        365.46 4806.04674  4806.0205  10.0 1 1 
	        560.80 4847.81769  4847.8095  10.0 1 1 
	        645.40 4865.88856  4865.9105  10.0 1 1 
	        694.05 4876.27528  4876.2611  10.0 1 1 
	        710.84 4879.85827  4879.8635  10.0 1 1 
	        722.01 4882.24011  4882.2432  10.0 1 1 
	        753.83 4889.02919  4889.0422  10.0 1 1 
	        827.64 4904.76203  4904.7516  10.0 1 1 
	        961.32 4933.21016  4933.2091  10.0 1 1 
	       1111.43 4965.07314  4965.0795  10.0 1 1 
	       1144.83 4972.14878  4972.1597  10.0 1 1 
	       1320.88 5009.34638  5009.3344  10.0 1 1 
	       1357.96 5017.15953  5017.1628  10.0 1 1 
	       1571.84 5062.05133  5062.0371  10.0 1 1 
	       1708.17 5090.49502  5090.4951  10.0 1 1 
	       1780.53 5105.53133    5105.54  10.0 1 1 
	function legendre
	order 4
	sample *
	naverage 1
	niterate 0
	low_reject 3.
	high_reject 3.
	grow 0.
	coefficients	8
		2.
		4.
		172.9074249267578
		1780.529174804688
		4936.052896433999
		170.5313712221205
		-0.8618021772599618
		-0.1911322738392263

# Tue 15:56:29 06-Feb-2024
begin	identify bs_WHT9899[230,*]
	id	bs_WHT9899
	task	identify
	image	bs_WHT9899[230,*]
	units	Angstroms
	features	17
	        171.50 4764.85365  4764.8646  10.0 1 1 
	        364.03 4806.03595  4806.0205  10.0 1 1 
	        559.42 4847.81467  4847.8095  10.0 1 1 
	        644.09 4865.90165  4865.9105  10.0 1 1 
	        692.92 4876.32671  4876.2611  10.0 1 1 
	        709.44 4879.85298  4879.8635  10.0 1 1 
	        720.52 4882.21825  4882.2432  10.0 1 1 
	        752.42 4889.02415  4889.0422  10.0 1 1 
	        826.14 4904.74028  4904.7516  10.0 1 1 
	        959.80 4933.19243  4933.2091  10.0 1 1 
	       1109.96 4965.07181  4965.0795  10.0 1 1 
	       1143.48  4972.1746  4972.1597  10.0 1 1 
	       1319.35  5009.3449  5009.3344  10.0 1 1 
	       1356.42 5017.15691  5017.1628  10.0 1 1 
	       1570.27 5062.04639  5062.0371  10.0 1 1 
	       1706.64 5090.49869  5090.4951  10.0 1 1 
	       1778.98 5105.53038    5105.54  10.0 1 1 
	function legendre
	order 4
	sample *
	naverage 1
	niterate 0
	low_reject 3.
	high_reject 3.
	grow 0.
	coefficients	8
		2.
		4.
		171.5029144287109
		1778.979858398438
		4936.047013108447
		170.5405316917731
		-0.8550002077124903
		-0.2021676079284238

# Tue 15:56:29 06-Feb-2024
begin	identify bs_WHT9899[210,*]
	id	bs_WHT9899
	task	identify
	image	bs_WHT9899[210,*]
	units	Angstroms
	features	17
	        171.54 4764.85094  4764.8646  10.0 1 1 
	        364.08 4806.04125  4806.0205  10.0 1 1 
	        559.49  4847.8262  4847.8095  10.0 1 1 
	        644.09 4865.90015  4865.9105  10.0 1 1 
	        692.85 4876.30979  4876.2611  10.0 1 1 
	        709.50 4879.86437  4879.8635  10.0 1 1 
	        720.45 4882.20136  4882.2432  10.0 1 1 
	        752.40  4889.0176  4889.0422  10.0 1 1 
	        826.17 4904.74305  4904.7516  10.0 1 1 
	        959.91 4933.21009  4933.2091  10.0 1 1 
	       1110.04 4965.08103  4965.0795  10.0 1 1 
	       1143.50 4972.17022  4972.1597  10.0 1 1 
	       1319.30 5009.32112  5009.3344  10.0 1 1 
	       1356.54 5017.16919  5017.1628  10.0 1 1 
	       1570.35 5062.04599  5062.0371  10.0 1 1 
	       1706.77 5090.50736  5090.4951  10.0 1 1 
	       1779.04 5105.52469    5105.54  10.0 1 1 
	function legendre
	order 4
	sample *
	naverage 1
	niterate 0
	low_reject 3.
	high_reject 3.
	grow 0.
	coefficients	8
		2.
		4.
		171.5438137054444
		1779.040771484375
		4936.049367537332
		170.535067140358
		-0.8615488409941491
		-0.1981919484081369

# Tue 15:56:29 06-Feb-2024
begin	identify bs_WHT9899[190,*]
	id	bs_WHT9899
	task	identify
	image	bs_WHT9899[190,*]
	units	Angstroms
	features	17
	        171.63 4764.84958  4764.8646  10.0 1 1 
	        364.19 4806.04301  4806.0205  10.0 1 1 
	        559.60 4847.82689  4847.8095  10.0 1 1 
	        644.25 4865.91146  4865.9105  10.0 1 1 
	        692.71 4876.25606  4876.2611  10.0 1 1 
	        709.59 4879.85857  4879.8635  10.0 1 1 
	        720.71 4882.23211  4882.2432  10.0 1 1 
	        752.61  4889.0379  4889.0422  10.0 1 1 
	        826.34  4904.7552  4904.7516  10.0 1 1 
	        959.98 4933.20064  4933.2091  10.0 1 1 
	       1110.14 4965.07672  4965.0795  10.0 1 1 
	       1143.51 4972.14629  4972.1597  10.0 1 1 
	       1319.54 5009.34662  5009.3344  10.0 1 1 
	       1356.66 5017.16893  5017.1628  10.0 1 1 
	       1570.49 5062.05086  5062.0371  10.0 1 1 
	       1706.80   5090.491  5090.4951  10.0 1 1 
	       1779.19 5105.53257    5105.54  10.0 1 1 
	function legendre
	order 4
	sample *
	naverage 1
	niterate 0
	low_reject 3.
	high_reject 3.
	grow 0.
	coefficients	8
		2.
		4.
		171.6291885375976
		1779.185302734375
		4936.049698084438
		170.5389836240194
		-0.8586230676579983
		-0.1974919295126456

# Tue 15:56:29 06-Feb-2024
begin	identify bs_WHT9899[170,*]
	id	bs_WHT9899
	task	identify
	image	bs_WHT9899[170,*]
	units	Angstroms
	features	17
	        171.71 4764.84909  4764.8646  10.0 1 1 
	        364.28 4806.04897  4806.0205  10.0 1 1 
	        559.66 4847.82752  4847.8095  10.0 1 1 
	        644.31 4865.90928  4865.9105  10.0 1 1 
	        692.90 4876.28408  4876.2611  10.0 1 1 
	        709.68 4879.86443  4879.8635  10.0 1 1 
	        720.57 4882.18874  4882.2432  10.0 1 1 
	        752.58 4889.01646  4889.0422  10.0 1 1 
	        826.42 4904.75546  4904.7516  10.0 1 1 
	        960.20 4933.22677  4933.2091  10.0 1 1 
	       1110.27 4965.08259  4965.0795  10.0 1 1 
	       1143.70 4972.16428  4972.1597  10.0 1 1 
	       1319.55 5009.32358  5009.3344  10.0 1 1 
	       1356.80 5017.17187  5017.1628  10.0 1 1 
	       1570.54 5062.03389  5062.0371  10.0 1 1 
	       1707.01 5090.50724  5090.4951  10.0 1 1 
	       1779.30 5105.53017    5105.54  10.0 1 1 
	function legendre
	order 4
	sample *
	naverage 1
	niterate 0
	low_reject 3.
	high_reject 3.
	grow 0.
	coefficients	8
		2.
		4.
		171.7144889831543
		1779.296020507812
		4936.050449033954
		170.5326080545447
		-0.8608193772758276
		-0.1920701659382395

# Tue 15:56:29 06-Feb-2024
begin	identify bs_WHT9899[150,*]
	id	bs_WHT9899
	task	identify
	image	bs_WHT9899[150,*]
	units	Angstroms
	features	17
	        171.85 4764.85062  4764.8646  10.0 1 1 
	        364.42 4806.04441  4806.0205  10.0 1 1 
	        559.82  4847.8258  4847.8095  10.0 1 1 
	        644.37 4865.88717  4865.9105  10.0 1 1 
	        692.95 4876.25833  4876.2611  10.0 1 1 
	        709.83    4879.86  4879.8635  10.0 1 1 
	        721.07  4882.2585  4882.2432  10.0 1 1 
	        752.79  4889.0258  4889.0422  10.0 1 1 
	        826.61 4904.76259  4904.7516  10.0 1 1 
	        960.22 4933.19929  4933.2091  10.0 1 1 
	       1110.42  4965.0818  4965.0795  10.0 1 1 
	       1143.76 4972.14656  4972.1597  10.0 1 1 
	       1319.78 5009.33961  5009.3344  10.0 1 1 
	       1356.92 5017.16618  5017.1628  10.0 1 1 
	       1570.79 5062.05266  5062.0371  10.0 1 1 
	       1707.13  5090.4945  5090.4951  10.0 1 1 
	       1779.50  5105.5306    5105.54  10.0 1 1 
	function legendre
	order 4
	sample *
	naverage 1
	niterate 0
	low_reject 3.
	high_reject 3.
	grow 0.
	coefficients	8
		2.
		4.
		171.8478317260742
		1779.504150390625
		4936.052917812416
		170.539000716987
		-0.8623081611078299
		-0.1990107104508821

# Tue 15:56:29 06-Feb-2024
begin	identify bs_WHT9899[130,*]
	id	bs_WHT9899
	task	identify
	image	bs_WHT9899[130,*]
	units	Angstroms
	features	17
	        171.99 4764.85022  4764.8646  10.0 1 1 
	        364.57 4806.04385  4806.0205  10.0 1 1 
	        559.96  4847.8205  4847.8095  10.0 1 1 
	        644.61 4865.90156  4865.9105  10.0 1 1 
	        693.35 4876.30741  4876.2611  10.0 1 1 
	        710.01 4879.86294  4879.8635  10.0 1 1 
	        721.07  4882.2224  4882.2432  10.0 1 1 
	        752.90  4889.0123  4889.0422  10.0 1 1 
	        826.63 4904.72746  4904.7516  10.0 1 1 
	        960.49 4933.21725  4933.2091  10.0 1 1 
	       1110.58 4965.07809  4965.0795  10.0 1 1 
	       1144.04 4972.16528  4972.1597  10.0 1 1 
	       1319.93  5009.3323  5009.3344  10.0 1 1 
	       1357.14 5017.17193  5017.1628  10.0 1 1 
	       1570.91 5062.03699  5062.0371  10.0 1 1 
	       1707.38 5090.50449  5090.4951  10.0 1 1 
	       1779.70 5105.52943    5105.54  10.0 1 1 
	function legendre
	order 4
	sample *
	naverage 1
	niterate 0
	low_reject 3.
	high_reject 3.
	grow 0.
	coefficients	8
		2.
		4.
		171.9886169433594
		1779.695434570313
		4936.050540584414
		170.5389774372547
		-0.8607177223225944
		-0.1993699552155932

# Tue 15:56:29 06-Feb-2024
begin	identify bs_WHT9899[110,*]
	id	bs_WHT9899
	task	identify
	image	bs_WHT9899[110,*]
	units	Angstroms
	features	17
	        172.17 4764.85188  4764.8646  10.0 1 1 
	        364.72 4806.04117  4806.0205  10.0 1 1 
	        560.17 4847.82898  4847.8095  10.0 1 1 
	        644.62 4865.86822  4865.9105  10.0 1 1 
	        693.34 4876.26765  4876.2611  10.0 1 1 
	        710.20 4879.86602  4879.8635  10.0 1 1 
	        721.44 4882.26385  4882.2432  10.0 1 1 
	        753.17 4889.03249  4889.0422  10.0 1 1 
	        826.97 4904.76272  4904.7516  10.0 1 1 
	        960.52 4933.18587  4933.2091  10.0 1 1 
	       1110.79 4965.08229  4965.0795  10.0 1 1 
	       1144.13 4972.14468  4972.1597  10.0 1 1 
	       1320.17 5009.34083  5009.3344  10.0 1 1 
	       1357.34 5017.17297  5017.1628  10.0 1 1 
	       1571.18 5062.05295  5062.0371  10.0 1 1 
	       1707.48  5090.4855  5090.4951  10.0 1 1 
	       1779.92 5105.53633    5105.54  10.0 1 1 
	function legendre
	order 4
	sample *
	naverage 1
	niterate 0
	low_reject 3.
	high_reject 3.
	grow 0.
	coefficients	8
		2.
		4.
		172.1665840148926
		1779.923461914063
		4936.055022168782
		170.539767702066
		-0.8609203479649634
		-0.1975433425039532

# Tue 15:56:29 06-Feb-2024
begin	identify bs_WHT9899[90,*]
	id	bs_WHT9899
	task	identify
	image	bs_WHT9899[90,*]
	units	Angstroms
	features	17
	        172.35 4764.85115  4764.8646  10.0 1 1 
	        364.92 4806.04455  4806.0205  10.0 1 1 
	        560.33 4847.82162  4847.8095  10.0 1 1 
	        644.95 4865.89488  4865.9105  10.0 1 1 
	        693.72 4876.30566  4876.2611  10.0 1 1 
	        710.43 4879.87046  4879.8635  10.0 1 1 
	        721.29 4882.18843  4882.2432  10.0 1 1 
	        753.38 4889.03136  4889.0422  10.0 1 1 
	        827.10 4904.74518  4904.7516  10.0 1 1 
	        960.91 4933.21841  4933.2091  10.0 1 1 
	       1111.02 4965.07702  4965.0795  10.0 1 1 
	       1144.47 4972.16193  4972.1597  10.0 1 1 
	       1320.40 5009.33423  5009.3344  10.0 1 1 
	       1357.58 5017.16647  5017.1628  10.0 1 1 
	       1571.39  5062.0395  5062.0371  10.0 1 1 
	       1707.83 5090.50296  5090.4951  10.0 1 1 
	       1780.15  5105.5306    5105.54  10.0 1 1 
	function legendre
	order 4
	sample *
	naverage 1
	niterate 0
	low_reject 3.
	high_reject 3.
	grow 0.
	coefficients	8
		2.
		4.
		172.350456237793
		1780.153076171875
		4936.049672672192
		170.5321840869062
		-0.8587972232457994
		-0.1924633017314382

# Tue 15:56:29 06-Feb-2024
begin	identify bs_WHT9899[70,*]
	id	bs_WHT9899
	task	identify
	image	bs_WHT9899[70,*]
	units	Angstroms
	features	17
	        172.55 4764.84967  4764.8646  10.0 1 1 
	        365.17 4806.05004  4806.0205  10.0 1 1 
	        560.61 4847.83239  4847.8095  10.0 1 1 
	        645.09 4865.87687  4865.9105  10.0 1 1 
	        693.65  4876.2406  4876.2611  10.0 1 1 
	        710.64 4879.86706  4879.8635  10.0 1 1 
	        721.78 4882.24306  4882.2432  10.0 1 1 
	        753.61 4889.03104  4889.0422  10.0 1 1 
	        827.52 4904.78461  4904.7516  10.0 1 1 
	        961.01 4933.19022  4933.2091  10.0 1 1 
	       1111.29 4965.08594  4965.0795  10.0 1 1 
	       1144.69 4972.15972  4972.1597  10.0 1 1 
	       1320.61 5009.32641  5009.3344  10.0 1 1 
	       1357.85 5017.17331  5017.1628  10.0 1 1 
	       1571.69 5062.04829  5062.0371  10.0 1 1 
	       1708.00 5090.48325  5090.4951  10.0 1 1 
	       1780.48 5105.54193    5105.54  10.0 1 1 
	function legendre
	order 4
	sample *
	naverage 1
	niterate 0
	low_reject 3.
	high_reject 3.
	grow 0.
	coefficients	8
		2.
		4.
		172.5548267364502
		1780.481079101563
		4936.05614443083
		170.5408854309625
		-0.8603463653739893
		-0.1947553184285008

# Tue 15:56:29 06-Feb-2024
begin	identify bs_WHT9899[50,*]
	id	bs_WHT9899
	task	identify
	image	bs_WHT9899[50,*]
	units	Angstroms
	features	17
	        172.78 4764.84981  4764.8646  10.0 1 1 
	        365.43 4806.04038  4806.0205  10.0 1 1 
	        560.81 4847.80498  4847.8095  10.0 1 1 
	        645.61 4865.91612  4865.9105  10.0 1 1 
	        694.51  4876.3534  4876.2611  10.0 1 1 
	        710.91 4879.85419  4879.8635  10.0 1 1 
	        721.95  4882.2093  4882.2432  10.0 1 1 
	        753.85 4889.01401  4889.0422  10.0 1 1 
	        827.55 4904.72137  4904.7516  10.0 1 1 
	        961.39 4933.20603  4933.2091  10.0 1 1 
	       1111.56 4965.08083  4965.0795  10.0 1 1 
	       1144.87 4972.13708  4972.1597  10.0 1 1 
	       1320.97 5009.34451  5009.3344  10.0 1 1 
	       1358.15 5017.17806  5017.1628  10.0 1 1 
	       1572.00 5062.05004  5062.0371  10.0 1 1 
	       1708.43 5090.49977  5090.4951  10.0 1 1 
	       1780.79 5105.52451    5105.54  10.0 1 1 
	function legendre
	order 4
	sample *
	naverage 1
	niterate 0
	low_reject 3.
	high_reject 3.
	grow 0.
	coefficients	8
		2.
		4.
		172.7758674621582
		1780.786865234375
		4936.047410159464
		170.5480084169299
		-0.8602494796205794
		-0.2106600892438367

# Tue 15:56:29 06-Feb-2024
begin	identify bs_WHT9899[30,*]
	id	bs_WHT9899
	task	identify
	image	bs_WHT9899[30,*]
	units	Angstroms
	features	17
	        173.04 4764.84899  4764.8646  10.0 1 1 
	        365.68 4806.05004  4806.0205  10.0 1 1 
	        561.16  4847.8352  4847.8095  10.0 1 1 
	        645.63 4865.87503  4865.9105  10.0 1 1 
	        694.25 4876.25102  4876.2611  10.0 1 1 
	        711.21 4879.86832  4879.8635  10.0 1 1 
	        722.34 4882.24404  4882.2432  10.0 1 1 
	        754.14   4889.024  4889.0422  10.0 1 1 
	        828.05  4904.7753  4904.7516  10.0 1 1 
	        961.58 4933.18542  4933.2091  10.0 1 1 
	       1111.86 4965.07578  4965.0795  10.0 1 1 
	       1145.40 4972.18088  4972.1597  10.0 1 1 
	       1321.28 5009.33464  5009.3344  10.0 1 1 
	       1358.46 5017.16692  5017.1628  10.0 1 1 
	       1572.29 5062.03724  5062.0371  10.0 1 1 
	       1708.71 5090.49177  5090.4951  10.0 1 1 
	       1781.14 5105.53979    5105.54  10.0 1 1 
	function legendre
	order 4
	sample *
	naverage 1
	niterate 0
	low_reject 3.
	high_reject 3.
	grow 0.
	coefficients	8
		2.
		4.
		173.0360565185547
		1781.136108398437
		4936.051840745593
		170.5390741599191
		-0.8574509908975633
		-0.1936738743196325

# Tue 15:56:29 06-Feb-2024
begin	identify bs_WHT9899[10,*]
	id	bs_WHT9899
	task	identify
	image	bs_WHT9899[10,*]
	units	Angstroms
	features	17
	        173.33 4764.85249  4764.8646  10.0 1 1 
	        365.97 4806.03615  4806.0205  10.0 1 1 
	        561.44 4847.81473  4847.8095  10.0 1 1 
	        646.14 4865.90448  4865.9105  10.0 1 1 
	        694.91 4876.31289  4876.2611  10.0 1 1 
	        711.52 4879.85547  4879.8635  10.0 1 1 
	        722.68  4882.2364  4882.2432  10.0 1 1 
	        754.46 4889.01526  4889.0422  10.0 1 1 
	        828.26 4904.74273  4904.7516  10.0 1 1 
	        962.02 4933.20616  4933.2091  10.0 1 1 
	       1112.22 4965.08399  4965.0795  10.0 1 1 
	       1145.48 4972.12909  4972.1597  10.0 1 1 
	       1321.63 5009.34177  5009.3344  10.0 1 1 
	       1358.81 5017.17461  5017.1628  10.0 1 1 
	       1572.71 5062.05362  5062.0371  10.0 1 1 
	       1709.15 5090.50145  5090.4951  10.0 1 1 
	       1781.49 5105.52312    5105.54  10.0 1 1 
	function legendre
	order 4
	sample *
	naverage 1
	niterate 0
	low_reject 3.
	high_reject 3.
	grow 0.
	coefficients	8
		2.
		4.
		173.3347759246826
		1781.488891601563
		4936.047520346106
		170.543774300749
		-0.859714002898719
		-0.2084613560307623

# Tue 15:56:29 06-Feb-2024
begin	identify bs_WHT9899[270,*]
	id	bs_WHT9899
	task	identify
	image	bs_WHT9899[270,*]
	units	Angstroms
	features	17
	        171.47 4764.85609  4764.8646  10.0 1 1 
	        364.00 4806.03454  4806.0205  10.0 1 1 
	        559.37 4847.80998  4847.8095  10.0 1 1 
	        644.02 4865.89324  4865.9105  10.0 1 1 
	        692.87 4876.32383  4876.2611  10.0 1 1 
	        709.39 4879.84884  4879.8635  10.0 1 1 
	        720.54 4882.22947  4882.2432  10.0 1 1 
	        752.39 4889.02283  4889.0422  10.0 1 1 
	        826.20 4904.75993  4904.7516  10.0 1 1 
	        959.71 4933.18153  4933.2091  10.0 1 1 
	       1109.89  4965.0683  4965.0795  10.0 1 1 
	       1143.46 4972.18084  4972.1597  10.0 1 1 
	       1319.30 5009.34715  5009.3344  10.0 1 1 
	       1356.35 5017.15448  5017.1628  10.0 1 1 
	       1570.17 5062.04097  5062.0371  10.0 1 1 
	       1706.57 5090.49998  5090.4951  10.0 1 1 
	       1778.91 5105.53241    5105.54  10.0 1 1 
	function legendre
	order 4
	sample *
	naverage 1
	niterate 0
	low_reject 3.
	high_reject 3.
	grow 0.
	coefficients	8
		2.
		4.
		171.4701118469238
		1778.90771484375
		4936.046009087532
		170.5422195297292
		-0.8517592276611802
		-0.2040568616520325

# Tue 15:56:29 06-Feb-2024
begin	identify bs_WHT9899[290,*]
	id	bs_WHT9899
	task	identify
	image	bs_WHT9899[290,*]
	units	Angstroms
	features	17
	        171.47 4764.85213  4764.8646  10.0 1 1 
	        363.99  4806.0365  4806.0205  10.0 1 1 
	        559.39 4847.82048  4847.8095  10.0 1 1 
	        644.07 4865.91338  4865.9105  10.0 1 1 
	        692.58 4876.27036  4876.2611  10.0 1 1 
	        709.40 4879.85999  4879.8635  10.0 1 1 
	        720.57 4882.24493  4882.2432  10.0 1 1 
	        752.33 4889.02199  4889.0422  10.0 1 1 
	        826.13 4904.75701  4904.7516  10.0 1 1 
	        959.74 4933.19838  4933.2091  10.0 1 1 
	       1109.92 4965.08423  4965.0795  10.0 1 1 
	       1143.17 4972.13097  4972.1597  10.0 1 1 
	       1319.23 5009.34089  5009.3344  10.0 1 1 
	       1356.41 5017.17522  5017.1628  10.0 1 1 
	       1570.21   5062.054  5062.0371  10.0 1 1 
	       1706.55 5090.49937  5090.4951  10.0 1 1 
	       1778.87 5105.52456    5105.54  10.0 1 1 
	function legendre
	order 4
	sample *
	naverage 1
	niterate 0
	low_reject 3.
	high_reject 3.
	grow 0.
	coefficients	8
		2.
		4.
		171.4731998443603
		1778.869384765625
		4936.049066496373
		170.5395397008231
		-0.860720052091111
		-0.2033279681046723

# Tue 15:56:29 06-Feb-2024
begin	identify bs_WHT9899[310,*]
	id	bs_WHT9899
	task	identify
	image	bs_WHT9899[310,*]
	units	Angstroms
	features	17
	        171.52 4764.84917  4764.8646  10.0 1 1 
	        364.06 4806.04397  4806.0205  10.0 1 1 
	        559.42 4847.82232  4847.8095  10.0 1 1 
	        644.06 4865.90715  4865.9105  10.0 1 1 
	        692.74 4876.29949  4876.2611  10.0 1 1 
	        709.43  4879.8632  4879.8635  10.0 1 1 
	        720.48 4882.22026  4882.2432  10.0 1 1 
	        752.41 4889.03286  4889.0422  10.0 1 1 
	        825.98 4904.71693  4904.7516  10.0 1 1 
	        959.75 4933.19162  4933.2091  10.0 1 1 
	       1109.94 4965.07639  4965.0795  10.0 1 1 
	       1143.51 4972.18928  4972.1597  10.0 1 1 
	       1319.32 5009.34407  5009.3344  10.0 1 1 
	       1356.41 5017.15944  5017.1628  10.0 1 1 
	       1570.19 5062.03518  5062.0371  10.0 1 1 
	       1706.60  5090.4988  5090.4951  10.0 1 1 
	       1778.95 5105.53427    5105.54  10.0 1 1 
	function legendre
	order 4
	sample *
	naverage 1
	niterate 0
	low_reject 3.
	high_reject 3.
	grow 0.
	coefficients	8
		2.
		4.
		171.5204429626465
		1778.949951171875
		4936.052669538052
		170.538015675077
		-0.8609467026778244
		-0.1954655761281459

# Tue 15:56:29 06-Feb-2024
begin	identify bs_WHT9899[330,*]
	id	bs_WHT9899
	task	identify
	image	bs_WHT9899[330,*]
	units	Angstroms
	features	17
	        171.57 4764.85293  4764.8646  10.0 1 1 
	        364.10  4806.0405  4806.0205  10.0 1 1 
	        559.50 4847.82655  4847.8095  10.0 1 1 
	        643.99 4865.87744  4865.9105  10.0 1 1 
	        692.50 4876.23577  4876.2611  10.0 1 1 
	        709.49 4879.86217  4879.8635  10.0 1 1 
	        720.87 4882.29021  4882.2432  10.0 1 1 
	        752.44 4889.02513  4889.0422  10.0 1 1 
	        826.28 4904.76946  4904.7516  10.0 1 1 
	        959.84 4933.20049  4933.2091  10.0 1 1 
	       1110.00 4965.08037  4965.0795  10.0 1 1 
	       1143.31 4972.13896  4972.1597  10.0 1 1 
	       1319.28 5009.32779  5009.3344  10.0 1 1 
	       1356.52 5017.17566  5017.1628  10.0 1 1 
	       1570.32 5062.05434  5062.0371  10.0 1 1 
	       1706.68 5090.50299  5090.4951  10.0 1 1 
	       1778.97 5105.52364    5105.54  10.0 1 1 
	function legendre
	order 4
	sample *
	naverage 1
	niterate 0
	low_reject 3.
	high_reject 3.
	grow 0.
	coefficients	8
		2.
		4.
		171.5715866088867
		1778.968383789063
		4936.049452851055
		170.5359406739576
		-0.8611655318327475
		-0.2005839605135272

# Tue 15:56:29 06-Feb-2024
begin	identify bs_WHT9899[350,*]
	id	bs_WHT9899
	task	identify
	image	bs_WHT9899[350,*]
	units	Angstroms
	features	17
	        171.66  4764.8516  4764.8646  10.0 1 1 
	        364.22 4806.04397  4806.0205  10.0 1 1 
	        559.55 4847.81382  4847.8095  10.0 1 1 
	        644.04 4865.86361  4865.9105  10.0 1 1 
	        693.17 4876.35513  4876.2611  10.0 1 1 
	        709.58 4879.85597  4879.8635  10.0 1 1 
	        720.69 4882.22791  4882.2432  10.0 1 1 
	        752.54 4889.02174  4889.0422  10.0 1 1 
	        826.21 4904.72974  4904.7516  10.0 1 1 
	        959.95 4933.19737  4933.2091  10.0 1 1 
	       1110.09 4965.07435  4965.0795  10.0 1 1 
	       1143.60 4972.17438  4972.1597  10.0 1 1 
	       1319.45  5009.3401  5009.3344  10.0 1 1 
	       1356.57   5017.161  5017.1628  10.0 1 1 
	       1570.36 5062.04149  5062.0371  10.0 1 1 
	       1706.78 5090.50284  5090.4951  10.0 1 1 
	       1779.09 5105.52939    5105.54  10.0 1 1 
	function legendre
	order 4
	sample *
	naverage 1
	niterate 0
	low_reject 3.
	high_reject 3.
	grow 0.
	coefficients	8
		2.
		4.
		171.6643924713135
		1779.087646484375
		4936.048527217663
		170.5387343784404
		-0.8580350881747772
		-0.1998404462287797

# Tue 15:56:29 06-Feb-2024
begin	identify bs_WHT9899[370,*]
	id	bs_WHT9899
	task	identify
	image	bs_WHT9899[370,*]
	units	Angstroms
	features	17
	        171.77 4764.84824  4764.8646  10.0 1 1 
	        364.31 4806.04613  4806.0205  10.0 1 1 
	        559.66 4847.82298  4847.8095  10.0 1 1 
	        644.34 4865.91506  4865.9105  10.0 1 1 
	        692.78 4876.25786  4876.2611  10.0 1 1 
	        709.67 4879.86264  4879.8635  10.0 1 1 
	        720.76 4882.22886  4882.2432  10.0 1 1 
	        752.65 4889.03282  4889.0422  10.0 1 1 
	        826.40 4904.75442  4904.7516  10.0 1 1 
	        960.05 4933.20218  4933.2091  10.0 1 1 
	       1110.22  4965.0807  4965.0795  10.0 1 1 
	       1143.56 4972.14583  4972.1597  10.0 1 1 
	       1319.56 5009.33862  5009.3344  10.0 1 1 
	       1356.73 5017.17113  5017.1628  10.0 1 1 
	       1570.53 5062.04861  5062.0371  10.0 1 1 
	       1706.92 5090.50604  5090.4951  10.0 1 1 
	       1779.18 5105.52227    5105.54  10.0 1 1 
	function legendre
	order 4
	sample *
	naverage 1
	niterate 0
	low_reject 3.
	high_reject 3.
	grow 0.
	coefficients	8
		2.
		4.
		171.7748126983643
		1779.17822265625
		4936.049539883712
		170.5296758406864
		-0.8642864118410328
		-0.1926631532341529

# Tue 15:56:29 06-Feb-2024
begin	identify bs_WHT9899[390,*]
	id	bs_WHT9899
	task	identify
	image	bs_WHT9899[390,*]
	units	Angstroms
	features	17
	        171.91 4764.85356  4764.8646  10.0 1 1 
	        364.44 4806.04512  4806.0205  10.0 1 1 
	        559.79 4847.81757  4847.8095  10.0 1 1 
	        644.32 4865.87594  4865.9105  10.0 1 1 
	        693.23 4876.31703  4876.2611  10.0 1 1 
	        709.82 4879.85749  4879.8635  10.0 1 1 
	        720.93  4882.2277  4882.2432  10.0 1 1 
	        752.76 4889.01744  4889.0422  10.0 1 1 
	        826.48 4904.73349  4904.7516  10.0 1 1 
	        960.26 4933.20737  4933.2091  10.0 1 1 
	       1110.34 4965.06707  4965.0795  10.0 1 1 
	       1144.10 4972.21942  4972.1597  10.0 1 1 
	       1319.66 5009.31963  5009.3344  10.0 1 1 
	       1356.84 5017.15559  5017.1628  10.0 1 1 
	       1570.58 5062.02667  5062.0371  10.0 1 1 
	       1707.06 5090.50731  5090.4951  10.0 1 1 
	       1779.36 5105.53602    5105.54  10.0 1 1 
	function legendre
	order 4
	sample *
	naverage 1
	niterate 0
	low_reject 3.
	high_reject 3.
	grow 0.
	coefficients	8
		2.
		4.
		171.914083480835
		1779.356567382812
		4936.048443727949
		170.5323915827723
		-0.8536581287239741
		-0.1911611460521572

# Tue 15:56:29 06-Feb-2024
begin	identify bs_WHT9899[410,*]
	id	bs_WHT9899
	task	identify
	image	bs_WHT9899[410,*]
	units	Angstroms
	features	17
	        172.07 4764.85602  4764.8646  10.0 1 1 
	        364.60 4806.03279  4806.0205  10.0 1 1 
	        559.99 4847.80919  4847.8095  10.0 1 1 
	        644.62 4865.89087  4865.9105  10.0 1 1 
	        693.20 4876.26429  4876.2611  10.0 1 1 
	        709.99 4879.84683  4879.8635  10.0 1 1 
	        721.53 4882.31068  4882.2432  10.0 1 1 
	        752.99 4889.02237  4889.0422  10.0 1 1 
	        826.77  4904.7542  4904.7516  10.0 1 1 
	        960.38 4933.19666  4933.2091  10.0 1 1 
	       1110.55 4965.08349  4965.0795  10.0 1 1 
	       1143.75 4972.11824  4972.1597  10.0 1 1 
	       1319.88 5009.34263  5009.3344  10.0 1 1 
	       1357.05   5017.176  5017.1628  10.0 1 1 
	       1570.87 5062.05525  5062.0371  10.0 1 1 
	       1707.25 5090.50391  5090.4951  10.0 1 1 
	       1779.55 5105.52097    5105.54  10.0 1 1 
	function legendre
	order 4
	sample *
	naverage 1
	niterate 0
	low_reject 3.
	high_reject 3.
	grow 0.
	coefficients	8
		2.
		4.
		172.0746994018555
		1779.547729492187
		4936.048250905956
		170.5434848811858
		-0.8597540447738751
		-0.2110092082631694

# Tue 15:56:29 06-Feb-2024
begin	identify bs_WHT9899[430,*]
	id	bs_WHT9899
	task	identify
	image	bs_WHT9899[430,*]
	units	Angstroms
	features	17
	        172.26 4764.85687  4764.8646  10.0 1 1 
	        364.78 4806.03578  4806.0205  10.0 1 1 
	        560.14 4847.80689  4847.8095  10.0 1 1 
	        644.71 4865.87297  4865.9105  10.0 1 1 
	        693.78 4876.34931  4876.2611  10.0 1 1 
	        710.18  4879.8487  4879.8635  10.0 1 1 
	        721.40 4882.24395  4882.2432  10.0 1 1 
	        753.13 4889.01198  4889.0422  10.0 1 1 
	        826.91 4904.74099  4904.7516  10.0 1 1 
	        960.56 4933.18872  4933.2091  10.0 1 1 
	       1110.71 4965.06676  4965.0795  10.0 1 1 
	       1144.38 4972.20009  4972.1597  10.0 1 1 
	       1320.06 5009.32763  5009.3344  10.0 1 1 
	       1357.23 5017.16155  5017.1628  10.0 1 1 
	       1570.99 5062.03277  5062.0371  10.0 1 1 
	       1707.49 5090.50987  5090.4951  10.0 1 1 
	       1779.77 5105.52957    5105.54  10.0 1 1 
	function legendre
	order 4
	sample *
	naverage 1
	niterate 0
	low_reject 3.
	high_reject 3.
	grow 0.
	coefficients	8
		2.
		4.
		172.2596473693848
		1779.770385742187
		4936.04778169895
		170.5382298115416
		-0.8545585348470444
		-0.2018801259802124

# Tue 15:56:29 06-Feb-2024
begin	identify bs_WHT9899[450,*]
	id	bs_WHT9899
	task	identify
	image	bs_WHT9899[450,*]
	units	Angstroms
	features	17
	        172.46 4764.84874  4764.8646  10.0 1 1 
	        365.01 4806.04663  4806.0205  10.0 1 1 
	        560.39  4847.8273  4847.8095  10.0 1 1 
	        645.03 4865.90948  4865.9105  10.0 1 1 
	        693.36 4876.22812  4876.2611  10.0 1 1 
	        710.40 4879.86362  4879.8635  10.0 1 1 
	        721.62 4882.25848  4882.2432  10.0 1 1 
	        753.36 4889.03064  4889.0422  10.0 1 1 
	        827.13 4904.75605  4904.7516  10.0 1 1 
	        960.76 4933.19795  4933.2091  10.0 1 1 
	       1110.97 4965.08346  4965.0795  10.0 1 1 
	       1144.32 4972.14998  4972.1597  10.0 1 1 
	       1320.32 5009.34184  5009.3344  10.0 1 1 
	       1357.46 5017.16801  5017.1628  10.0 1 1 
	       1571.28 5062.04838  5062.0371  10.0 1 1 
	       1707.62  5090.4927  5090.4951  10.0 1 1 
	       1780.00 5105.53302    5105.54  10.0 1 1 
	function legendre
	order 4
	sample *
	naverage 1
	niterate 0
	low_reject 3.
	high_reject 3.
	grow 0.
	coefficients	8
		2.
		4.
		172.4604301452637
		1779.997314453125
		4936.054288461763
		170.5364952748601
		-0.8634077131813565
		-0.1943545930333802

# Tue 15:56:29 06-Feb-2024
begin	identify bs_WHT9899[470,*]
	id	bs_WHT9899
	task	identify
	image	bs_WHT9899[470,*]
	units	Angstroms
	features	17
	        172.67 4764.85117  4764.8646  10.0 1 1 
	        365.26 4806.04317  4806.0205  10.0 1 1 
	        560.60 4847.80755  4847.8095  10.0 1 1 
	        645.31 4865.90417  4865.9105  10.0 1 1 
	        694.28 4876.35982  4876.2611  10.0 1 1 
	        710.62 4879.84767  4879.8635  10.0 1 1 
	        721.62 4882.19344  4882.2432  10.0 1 1 
	        753.59 4889.01436  4889.0422  10.0 1 1 
	        827.35 4904.73917  4904.7516  10.0 1 1 
	        961.03 4933.19502  4933.2091  10.0 1 1 
	       1111.19 4965.07444  4965.0795  10.0 1 1 
	       1144.76 4972.18677  4972.1597  10.0 1 1 
	       1320.48  5009.3213  5009.3344  10.0 1 1 
	       1357.74 5017.17355  5017.1628  10.0 1 1 
	       1571.50 5062.03804  5062.0371  10.0 1 1 
	       1707.99 5090.50785  5090.4951  10.0 1 1 
	       1780.29 5105.52693    5105.54  10.0 1 1 
	function legendre
	order 4
	sample *
	naverage 1
	niterate 0
	low_reject 3.
	high_reject 3.
	grow 0.
	coefficients	8
		2.
		4.
		172.6700267791748
		1780.29248046875
		4936.049492510924
		170.5443788614533
		-0.8604456901193097
		-0.2064998583368077

# Tue 15:56:29 06-Feb-2024
begin	identify bs_WHT9899[490,*]
	id	bs_WHT9899
	task	identify
	image	bs_WHT9899[490,*]
	units	Angstroms
	features	17
	        172.91 4764.85086  4764.8646  10.0 1 1 
	        365.46 4806.04674  4806.0205  10.0 1 1 
	        560.80 4847.81769  4847.8095  10.0 1 1 
	        645.40 4865.88856  4865.9105  10.0 1 1 
	        694.05 4876.27528  4876.2611  10.0 1 1 
	        710.84 4879.85827  4879.8635  10.0 1 1 
	        722.01 4882.24011  4882.2432  10.0 1 1 
	        753.83 4889.02919  4889.0422  10.0 1 1 
	        827.64 4904.76203  4904.7516  10.0 1 1 
	        961.32 4933.21016  4933.2091  10.0 1 1 
	       1111.43 4965.07314  4965.0795  10.0 1 1 
	       1144.83 4972.14878  4972.1597  10.0 1 1 
	       1320.88 5009.34638  5009.3344  10.0 1 1 
	       1357.96 5017.15953  5017.1628  10.0 1 1 
	       1571.84 5062.05133  5062.0371  10.0 1 1 
	       1708.17 5090.49502  5090.4951  10.0 1 1 
	       1780.53 5105.53133    5105.54  10.0 1 1 
	function legendre
	order 4
	sample *
	naverage 1
	niterate 0
	low_reject 3.
	high_reject 3.
	grow 0.
	coefficients	8
		2.
		4.
		172.9074249267578
		1780.529174804688
		4936.052896433999
		170.5313712221205
		-0.8618021772599618
		-0.1911322738392263

