[lamcal_WHT9958.ms] 1 1721 50.00 1.132  4759.851  5124.054 hd93521
 4762.00   9.6004E-12    1.000      137559.
 4764.00   9.5835E-12    1.000      142371.
 4766.00   9.5755E-12    1.000      146899.
 4768.00   9.5674E-12    1.000      149262.
 4770.00   9.5418E-12    1.000      151705.
 4772.00   9.5163E-12    1.000      153419.
 4774.00   9.4996E-12    1.000      155654.
 4776.00   9.4829E-12    1.000      158113.
 4778.00   9.4662E-12    1.000      159826.
 4780.00   9.4496E-12    1.000      163697.
 4782.00   9.4330E-12    1.000      166173.
 4784.00   9.4251E-12    1.000      169686.
 4786.00   9.3999E-12    1.000      174118.
 4788.00   9.3834E-12    1.000      178917.
 4790.00   9.3756E-12    1.000      182825.
 4792.00   9.3591E-12    1.000      187009.
 4794.00   9.3513E-12    1.000      190357.
 4796.00   9.3435E-12    1.000      193631.
 4798.00   9.3357E-12    1.000      194402.
 4800.00   9.3279E-12    1.000      196011.
 4802.00   9.3202E-12    1.000      197268.
 4804.00   9.3124E-12    1.000      197465.
 4806.00   9.2961E-12    1.000      197520.
 4808.00   9.2884E-12    1.000      197777.
 4810.00   9.2721E-12    1.000      198498.
 4812.00   9.2559E-12    1.000      197797.
 4814.00   9.2312E-12    1.000      198041.
 4816.00   9.2150E-12    1.000      197852.
 4818.00   9.1989E-12    1.000      196877.
 4820.00   9.1912E-12    1.000      197829.
 4822.00   9.1752E-12    1.000      197986.
 4824.00   9.1676E-12    1.000      197061.
 4826.00   9.1600E-12    1.000      197556.
 4828.00   9.1608E-12    1.000      197182.
 4830.00   9.1532E-12    1.000      196832.
 4832.00   9.1457E-12    1.000      197040.
 4834.00   9.1381E-12    1.000      196576.
 4836.00   9.1305E-12    1.000      197229.
 4838.00   9.1230E-12    1.000      196178.
 4840.00   9.1154E-12    1.000      196168.
 4842.00   9.0744E-12    1.000      196253.
 4844.00   9.0419E-12    1.000      195264.
 4846.00   8.9929E-12    1.000      193554.
 4848.00   8.9278E-12    1.000      191841.
 4850.00   8.8631E-12    1.000      190769.
 4852.00   8.7908E-12    1.000      187845.
 4854.00   8.6870E-12    1.000      185412.
 4856.00   8.6082E-12    1.000      175554.
 4858.00   8.5144E-12    1.000      158867.
 4860.00   8.4449E-12    1.000      146182.
 4862.00   8.3606E-12    1.000      148037.
 4864.00   8.3230E-12    1.000      152753.
 4866.00   8.3162E-12    1.000      169812.
 4868.00   8.2941E-12    1.000      180873.
 4870.00   8.3255E-12    1.000      183954.
 4872.00   8.3802E-12    1.000      186076.
 4874.00   8.4430E-12    1.000      187352.
 4876.00   8.5063E-12    1.000      187481.
 4878.00   8.5859E-12    1.000      187324.
 4880.00   8.6582E-12    1.000      187524.
 4882.00   8.7231E-12    1.000      187329.
 4884.00   8.7482E-12    1.000      186718.
 4886.00   8.7814E-12    1.000      186835.
 4888.00   8.7984E-12    1.000      186573.
 4890.00   8.7913E-12    1.000      187437.
 4892.00   8.7760E-12    1.000      186165.
 4894.00   8.7607E-12    1.000      186101.
 4896.00   8.7455E-12    1.000      186908.
 4898.00   8.7223E-12    1.000      186166.
 4900.00   8.6911E-12    1.000      186369.
 4902.00   8.6681E-12    1.000      185508.
 4904.00   8.6451E-12    1.000      185272.
 4906.00   8.6062E-12    1.000      184763.
 4908.00   8.5913E-12    1.000      184326.
 4910.00   8.5527E-12    1.000      183799.
 4912.00   8.5301E-12    1.000      183534.
 4914.00   8.4918E-12    1.000      183158.
 4916.00   8.4692E-12    1.000      177655.
 4918.00   8.4312E-12    1.000      175634.
 4920.00   8.4011E-12    1.000      169322.
 4922.00   8.3789E-12    1.000      171348.
 4924.00   8.3490E-12    1.000      169799.
 4926.00   8.3345E-12    1.000      172693.
 4928.00   8.3201E-12    1.000      178012.
 4930.00   8.3133E-12    1.000      181609.
 4932.00   8.3142E-12    1.000      181344.
 4934.00   8.3152E-12    1.000      181249.
 4936.00   8.3314E-12    1.000      180644.
 4938.00   8.3400E-12    1.000      181730.
 4940.00   8.3563E-12    1.000      180820.
 4942.00   8.3727E-12    1.000      180092.
 4944.00   8.3736E-12    1.000      180034.
 4946.00   8.3822E-12    1.000      179421.
 4948.00   8.3986E-12    1.000      179829.
 4950.00   8.3996E-12    1.000      179789.
 4952.00   8.3928E-12    1.000      179415.
 4954.00   8.3938E-12    1.000      179735.
 4956.00   8.3870E-12    1.000      179194.
 4958.00   8.3802E-12    1.000      179340.
 4960.00   8.3658E-12    1.000      178554.
 4962.00   8.3513E-12    1.000      178203.
 4964.00   8.3369E-12    1.000      178143.
 4966.00   8.3149E-12    1.000      177671.
 4968.00   8.3005E-12    1.000      177404.
 4970.00   8.2862E-12    1.000      176441.
 4972.00   8.2795E-12    1.000      176187.
 4974.00   8.2653E-12    1.000      175767.
 4976.00   8.2510E-12    1.000      175873.
 4978.00   8.2292E-12    1.000      175955.
 4980.00   8.2150E-12    1.000      174830.
 4982.00   8.2009E-12    1.000      174494.
 4984.00   8.1943E-12    1.000      174501.
 4986.00   8.1802E-12    1.000      174347.
 4988.00   8.1736E-12    1.000      173392.
 4990.00   8.1671E-12    1.000      172798.
 4992.00   8.1530E-12    1.000      172150.
 4994.00   8.1465E-12    1.000      171654.
 4996.00   8.1175E-12    1.000      171439.
 4998.00   8.0961E-12    1.000      170615.
 5000.00   8.0822E-12    1.000      168879.
 5002.00   8.0683E-12    1.000      169329.
 5004.00   8.0396E-12    1.000      167262.
 5006.00   8.0184E-12    1.000      167107.
 5008.00   7.9972E-12    1.000      167134.
 5010.00   7.9688E-12    1.000      163232.
 5012.00   7.9551E-12    1.000      163221.
 5014.00   7.9341E-12    1.000      158154.
 5016.00   7.8987E-12    1.000      159860.
 5018.00   7.8851E-12    1.000      159253.
 5020.00   7.8643E-12    1.000      160796.
 5022.00   7.8581E-12    1.000      163244.
 5024.00   7.8373E-12    1.000      165379.
 5026.00   7.8311E-12    1.000      163867.
 5028.00   7.8393E-12    1.000      164043.
 5030.00   7.8331E-12    1.000      163558.
 5032.00   7.8341E-12    1.000      163102.
 5034.00   7.8351E-12    1.000      162803.
 5036.00   7.8288E-12    1.000      161727.
 5038.00   7.8226E-12    1.000      161441.
 5040.00   7.8092E-12    1.000      160520.
 5042.00   7.7958E-12    1.000      158630.
 5044.00   7.7753E-12    1.000      157289.
 5046.00   7.7549E-12    1.000      156252.
 5048.00   7.7487E-12    1.000      156258.
 5050.00   7.7283E-12    1.000      155989.
 5052.00   7.7151E-12    1.000      155946.
 5054.00   7.6948E-12    1.000      157156.
 5056.00   7.6887E-12    1.000      157408.
 5058.00   7.6826E-12    1.000      156791.
 5060.00   7.6766E-12    1.000      156852.
 5062.00   7.6705E-12    1.000      156697.
 5064.00   7.6645E-12    1.000      156683.
 5066.00   7.6584E-12    1.000      155987.
 5068.00   7.6524E-12    1.000      155069.
 5070.00   7.6463E-12    1.000      154974.
 5072.00   7.6544E-12    1.000      153793.
 5074.00   7.6483E-12    1.000      154161.
 5076.00   7.6283E-12    1.000      153660.
 5078.00   7.6222E-12    1.000      153205.
 5080.00   7.6092E-12    1.000      152803.
 5082.00   7.6032E-12    1.000      152490.
 5084.00   7.5903E-12    1.000      151525.
 5086.00   7.5843E-12    1.000      150856.
 5088.00   7.5783E-12    1.000      150818.
 5090.00   7.5724E-12    1.000      150645.
 5092.00   7.5595E-12    1.000      150350.
 5094.00   7.5466E-12    1.000      150231.
 5096.00   7.5268E-12    1.000      149622.
 5098.00   7.5140E-12    1.000      148809.
 5100.00   7.5012E-12    1.000      147032.
 5102.00   7.4884E-12    1.000      145376.
 5104.00   7.4825E-12    1.000      142651.
 5106.00   7.4766E-12    1.000      140773.
 5108.00   7.4708E-12    1.000      138388.
 5110.00   7.4581E-12    1.000      135108.
 5112.00   7.4522E-12    1.000      132530.
 5114.00   7.4396E-12    1.000      130374.
 5116.00   7.4337E-12    1.000      128169.
 5118.00   7.4143E-12    1.000      125724.
 5120.00   7.4085E-12    1.000      122953.
 5122.00   7.3959E-12    1.000      119730.
[lamcal_WHT9958.ms] 1 1721 50.00 1.132  4759.851  5124.054 hd93521
 4762.00   9.6004E-12    1.000      137559.
 4764.00   9.5835E-12    1.000      142371.
 4766.00   9.5755E-12    1.000      146899.
 4768.00   9.5674E-12    1.000      149262.
 4770.00   9.5418E-12    1.000      151705.
 4772.00   9.5163E-12    1.000      153419.
 4774.00   9.4996E-12    1.000      155654.
 4776.00   9.4829E-12    1.000      158113.
 4778.00   9.4662E-12    1.000      159826.
 4780.00   9.4496E-12    1.000      163697.
 4782.00   9.4330E-12    1.000      166173.
 4784.00   9.4251E-12    1.000      169686.
 4786.00   9.3999E-12    1.000      174118.
 4788.00   9.3834E-12    1.000      178917.
 4790.00   9.3756E-12    1.000      182825.
 4792.00   9.3591E-12    1.000      187009.
 4794.00   9.3513E-12    1.000      190357.
 4796.00   9.3435E-12    1.000      193631.
 4798.00   9.3357E-12    1.000      194402.
 4800.00   9.3279E-12    1.000      196011.
 4802.00   9.3202E-12    1.000      197268.
 4804.00   9.3124E-12    1.000      197465.
 4806.00   9.2961E-12    1.000      197520.
 4808.00   9.2884E-12    1.000      197777.
 4810.00   9.2721E-12    1.000      198498.
 4812.00   9.2559E-12    1.000      197797.
 4814.00   9.2312E-12    1.000      198041.
 4816.00   9.2150E-12    1.000      197852.
 4818.00   9.1989E-12    1.000      196877.
 4820.00   9.1912E-12    1.000      197829.
 4822.00   9.1752E-12    1.000      197986.
 4824.00   9.1676E-12    1.000      197061.
 4826.00   9.1600E-12    1.000      197556.
 4828.00   9.1608E-12    1.000      197182.
 4830.00   9.1532E-12    1.000      196832.
 4832.00   9.1457E-12    1.000      197040.
 4834.00   9.1381E-12    1.000      196576.
 4836.00   9.1305E-12    1.000      197229.
 4838.00   9.1230E-12    1.000      196178.
 4840.00   9.1154E-12    1.000      196168.
 4842.00   9.0744E-12    1.000      196253.
 4844.00   9.0419E-12    1.000      195264.
 4846.00   8.9929E-12    1.000      193554.
 4848.00   8.9278E-12    1.000      191841.
 4850.00   8.8631E-12    1.000      190769.
 4852.00   8.7908E-12    1.000      187845.
 4854.00   8.6870E-12    1.000      185412.
 4856.00   8.6082E-12    1.000      175554.
 4858.00   8.5144E-12    1.000      158867.
 4860.00   8.4449E-12    1.000      146182.
 4862.00   8.3606E-12    1.000      148037.
 4864.00   8.3230E-12    1.000      152753.
 4866.00   8.3162E-12    1.000      169812.
 4868.00   8.2941E-12    1.000      180873.
 4870.00   8.3255E-12    1.000      183954.
 4872.00   8.3802E-12    1.000      186076.
 4874.00   8.4430E-12    1.000      187352.
 4876.00   8.5063E-12    1.000      187481.
 4878.00   8.5859E-12    1.000      187324.
 4880.00   8.6582E-12    1.000      187524.
 4882.00   8.7231E-12    1.000      187329.
 4884.00   8.7482E-12    1.000      186718.
 4886.00   8.7814E-12    1.000      186835.
 4888.00   8.7984E-12    1.000      186573.
 4890.00   8.7913E-12    1.000      187437.
 4892.00   8.7760E-12    1.000      186165.
 4894.00   8.7607E-12    1.000      186101.
 4896.00   8.7455E-12    1.000      186908.
 4898.00   8.7223E-12    1.000      186166.
 4900.00   8.6911E-12    1.000      186369.
 4902.00   8.6681E-12    1.000      185508.
 4904.00   8.6451E-12    1.000      185272.
 4906.00   8.6062E-12    1.000      184763.
 4908.00   8.5913E-12    1.000      184326.
 4910.00   8.5527E-12    1.000      183799.
 4912.00   8.5301E-12    1.000      183534.
 4914.00   8.4918E-12    1.000      183158.
 4916.00   8.4692E-12    1.000      177655.
 4918.00   8.4312E-12    1.000      175634.
 4920.00   8.4011E-12    1.000      169322.
 4922.00   8.3789E-12    1.000      171348.
 4924.00   8.3490E-12    1.000      169799.
 4926.00   8.3345E-12    1.000      172693.
 4928.00   8.3201E-12    1.000      178012.
 4930.00   8.3133E-12    1.000      181609.
 4932.00   8.3142E-12    1.000      181344.
 4934.00   8.3152E-12    1.000      181249.
 4936.00   8.3314E-12    1.000      180644.
 4938.00   8.3400E-12    1.000      181730.
 4940.00   8.3563E-12    1.000      180820.
 4942.00   8.3727E-12    1.000      180092.
 4944.00   8.3736E-12    1.000      180034.
 4946.00   8.3822E-12    1.000      179421.
 4948.00   8.3986E-12    1.000      179829.
 4950.00   8.3996E-12    1.000      179789.
 4952.00   8.3928E-12    1.000      179415.
 4954.00   8.3938E-12    1.000      179735.
 4956.00   8.3870E-12    1.000      179194.
 4958.00   8.3802E-12    1.000      179340.
 4960.00   8.3658E-12    1.000      178554.
 4962.00   8.3513E-12    1.000      178203.
 4964.00   8.3369E-12    1.000      178143.
 4966.00   8.3149E-12    1.000      177671.
 4968.00   8.3005E-12    1.000      177404.
 4970.00   8.2862E-12    1.000      176441.
 4972.00   8.2795E-12    1.000      176187.
 4974.00   8.2653E-12    1.000      175767.
 4976.00   8.2510E-12    1.000      175873.
 4978.00   8.2292E-12    1.000      175955.
 4980.00   8.2150E-12    1.000      174830.
 4982.00   8.2009E-12    1.000      174494.
 4984.00   8.1943E-12    1.000      174501.
 4986.00   8.1802E-12    1.000      174347.
 4988.00   8.1736E-12    1.000      173392.
 4990.00   8.1671E-12    1.000      172798.
 4992.00   8.1530E-12    1.000      172150.
 4994.00   8.1465E-12    1.000      171654.
 4996.00   8.1175E-12    1.000      171439.
 4998.00   8.0961E-12    1.000      170615.
 5000.00   8.0822E-12    1.000      168879.
 5002.00   8.0683E-12    1.000      169329.
 5004.00   8.0396E-12    1.000      167262.
 5006.00   8.0184E-12    1.000      167107.
 5008.00   7.9972E-12    1.000      167134.
 5010.00   7.9688E-12    1.000      163232.
 5012.00   7.9551E-12    1.000      163221.
 5014.00   7.9341E-12    1.000      158154.
 5016.00   7.8987E-12    1.000      159860.
 5018.00   7.8851E-12    1.000      159253.
 5020.00   7.8643E-12    1.000      160796.
 5022.00   7.8581E-12    1.000      163244.
 5024.00   7.8373E-12    1.000      165379.
 5026.00   7.8311E-12    1.000      163867.
 5028.00   7.8393E-12    1.000      164043.
 5030.00   7.8331E-12    1.000      163558.
 5032.00   7.8341E-12    1.000      163102.
 5034.00   7.8351E-12    1.000      162803.
 5036.00   7.8288E-12    1.000      161727.
 5038.00   7.8226E-12    1.000      161441.
 5040.00   7.8092E-12    1.000      160520.
 5042.00   7.7958E-12    1.000      158630.
 5044.00   7.7753E-12    1.000      157289.
 5046.00   7.7549E-12    1.000      156252.
 5048.00   7.7487E-12    1.000      156258.
 5050.00   7.7283E-12    1.000      155989.
 5052.00   7.7151E-12    1.000      155946.
 5054.00   7.6948E-12    1.000      157156.
 5056.00   7.6887E-12    1.000      157408.
 5058.00   7.6826E-12    1.000      156791.
 5060.00   7.6766E-12    1.000      156852.
 5062.00   7.6705E-12    1.000      156697.
 5064.00   7.6645E-12    1.000      156683.
 5066.00   7.6584E-12    1.000      155987.
 5068.00   7.6524E-12    1.000      155069.
 5070.00   7.6463E-12    1.000      154974.
 5072.00   7.6544E-12    1.000      153793.
 5074.00   7.6483E-12    1.000      154161.
 5076.00   7.6283E-12    1.000      153660.
 5078.00   7.6222E-12    1.000      153205.
 5080.00   7.6092E-12    1.000      152803.
 5082.00   7.6032E-12    1.000      152490.
 5084.00   7.5903E-12    1.000      151525.
 5086.00   7.5843E-12    1.000      150856.
 5088.00   7.5783E-12    1.000      150818.
 5090.00   7.5724E-12    1.000      150645.
 5092.00   7.5595E-12    1.000      150350.
 5094.00   7.5466E-12    1.000      150231.
 5096.00   7.5268E-12    1.000      149622.
 5098.00   7.5140E-12    1.000      148809.
 5100.00   7.5012E-12    1.000      147032.
 5102.00   7.4884E-12    1.000      145376.
 5104.00   7.4825E-12    1.000      142651.
 5106.00   7.4766E-12    1.000      140773.
 5108.00   7.4708E-12    1.000      138388.
 5110.00   7.4581E-12    1.000      135108.
 5112.00   7.4522E-12    1.000      132530.
 5114.00   7.4396E-12    1.000      130374.
 5116.00   7.4337E-12    1.000      128169.
 5118.00   7.4143E-12    1.000      125724.
 5120.00   7.4085E-12    1.000      122953.
 5122.00   7.3959E-12    1.000      119730.
[lamcal_WHT9958.ms] 1 1721 50.00 1.132  4759.851  5124.054 hd93521
 4762.00   9.6004E-12    1.000      137559.
 4764.00   9.5835E-12    1.000      142371.
 4766.00   9.5755E-12    1.000      146899.
 4768.00   9.5674E-12    1.000      149262.
 4770.00   9.5418E-12    1.000      151705.
 4772.00   9.5163E-12    1.000      153419.
 4774.00   9.4996E-12    1.000      155654.
 4776.00   9.4829E-12    1.000      158113.
 4778.00   9.4662E-12    1.000      159826.
 4780.00   9.4496E-12    1.000      163697.
 4782.00   9.4330E-12    1.000      166173.
 4784.00   9.4251E-12    1.000      169686.
 4786.00   9.3999E-12    1.000      174118.
 4788.00   9.3834E-12    1.000      178917.
 4790.00   9.3756E-12    1.000      182825.
 4792.00   9.3591E-12    1.000      187009.
 4794.00   9.3513E-12    1.000      190357.
 4796.00   9.3435E-12    1.000      193631.
 4798.00   9.3357E-12    1.000      194402.
 4800.00   9.3279E-12    1.000      196011.
 4802.00   9.3202E-12    1.000      197268.
 4804.00   9.3124E-12    1.000      197465.
 4806.00   9.2961E-12    1.000      197520.
 4808.00   9.2884E-12    1.000      197777.
 4810.00   9.2721E-12    1.000      198498.
 4812.00   9.2559E-12    1.000      197797.
 4814.00   9.2312E-12    1.000      198041.
 4816.00   9.2150E-12    1.000      197852.
 4818.00   9.1989E-12    1.000      196877.
 4820.00   9.1912E-12    1.000      197829.
 4822.00   9.1752E-12    1.000      197986.
 4824.00   9.1676E-12    1.000      197061.
 4826.00   9.1600E-12    1.000      197556.
 4828.00   9.1608E-12    1.000      197182.
 4830.00   9.1532E-12    1.000      196832.
 4832.00   9.1457E-12    1.000      197040.
 4834.00   9.1381E-12    1.000      196576.
 4836.00   9.1305E-12    1.000      197229.
 4838.00   9.1230E-12    1.000      196178.
 4840.00   9.1154E-12    1.000      196168.
 4842.00   9.0744E-12    1.000      196253.
 4844.00   9.0419E-12    1.000      195264.
 4846.00   8.9929E-12    1.000      193554.
 4848.00   8.9278E-12    1.000      191841.
 4850.00   8.8631E-12    1.000      190769.
 4852.00   8.7908E-12    1.000      187845.
 4854.00   8.6870E-12    1.000      185412.
 4856.00   8.6082E-12    1.000      175554.
 4858.00   8.5144E-12    1.000      158867.
 4860.00   8.4449E-12    1.000      146182.
 4862.00   8.3606E-12    1.000      148037.
 4864.00   8.3230E-12    1.000      152753.
 4866.00   8.3162E-12    1.000      169812.
 4868.00   8.2941E-12    1.000      180873.
 4870.00   8.3255E-12    1.000      183954.
 4872.00   8.3802E-12    1.000      186076.
 4874.00   8.4430E-12    1.000      187352.
 4876.00   8.5063E-12    1.000      187481.
 4878.00   8.5859E-12    1.000      187324.
 4880.00   8.6582E-12    1.000      187524.
 4882.00   8.7231E-12    1.000      187329.
 4884.00   8.7482E-12    1.000      186718.
 4886.00   8.7814E-12    1.000      186835.
 4888.00   8.7984E-12    1.000      186573.
 4890.00   8.7913E-12    1.000      187437.
 4892.00   8.7760E-12    1.000      186165.
 4894.00   8.7607E-12    1.000      186101.
 4896.00   8.7455E-12    1.000      186908.
 4898.00   8.7223E-12    1.000      186166.
 4900.00   8.6911E-12    1.000      186369.
 4902.00   8.6681E-12    1.000      185508.
 4904.00   8.6451E-12    1.000      185272.
 4906.00   8.6062E-12    1.000      184763.
 4908.00   8.5913E-12    1.000      184326.
 4910.00   8.5527E-12    1.000      183799.
 4912.00   8.5301E-12    1.000      183534.
 4914.00   8.4918E-12    1.000      183158.
 4916.00   8.4692E-12    1.000      177655.
 4918.00   8.4312E-12    1.000      175634.
 4920.00   8.4011E-12    1.000      169322.
 4922.00   8.3789E-12    1.000      171348.
 4924.00   8.3490E-12    1.000      169799.
 4926.00   8.3345E-12    1.000      172693.
 4928.00   8.3201E-12    1.000      178012.
 4930.00   8.3133E-12    1.000      181609.
 4932.00   8.3142E-12    1.000      181344.
 4934.00   8.3152E-12    1.000      181249.
 4936.00   8.3314E-12    1.000      180644.
 4938.00   8.3400E-12    1.000      181730.
 4940.00   8.3563E-12    1.000      180820.
 4942.00   8.3727E-12    1.000      180092.
 4944.00   8.3736E-12    1.000      180034.
 4946.00   8.3822E-12    1.000      179421.
 4948.00   8.3986E-12    1.000      179829.
 4950.00   8.3996E-12    1.000      179789.
 4952.00   8.3928E-12    1.000      179415.
 4954.00   8.3938E-12    1.000      179735.
 4956.00   8.3870E-12    1.000      179194.
 4958.00   8.3802E-12    1.000      179340.
 4960.00   8.3658E-12    1.000      178554.
 4962.00   8.3513E-12    1.000      178203.
 4964.00   8.3369E-12    1.000      178143.
 4966.00   8.3149E-12    1.000      177671.
 4968.00   8.3005E-12    1.000      177404.
 4970.00   8.2862E-12    1.000      176441.
 4972.00   8.2795E-12    1.000      176187.
 4974.00   8.2653E-12    1.000      175767.
 4976.00   8.2510E-12    1.000      175873.
 4978.00   8.2292E-12    1.000      175955.
 4980.00   8.2150E-12    1.000      174830.
 4982.00   8.2009E-12    1.000      174494.
 4984.00   8.1943E-12    1.000      174501.
 4986.00   8.1802E-12    1.000      174347.
 4988.00   8.1736E-12    1.000      173392.
 4990.00   8.1671E-12    1.000      172798.
 4992.00   8.1530E-12    1.000      172150.
 4994.00   8.1465E-12    1.000      171654.
 4996.00   8.1175E-12    1.000      171439.
 4998.00   8.0961E-12    1.000      170615.
 5000.00   8.0822E-12    1.000      168879.
 5002.00   8.0683E-12    1.000      169329.
 5004.00   8.0396E-12    1.000      167262.
 5006.00   8.0184E-12    1.000      167107.
 5008.00   7.9972E-12    1.000      167134.
 5010.00   7.9688E-12    1.000      163232.
 5012.00   7.9551E-12    1.000      163221.
 5014.00   7.9341E-12    1.000      158154.
 5016.00   7.8987E-12    1.000      159860.
 5018.00   7.8851E-12    1.000      159253.
 5020.00   7.8643E-12    1.000      160796.
 5022.00   7.8581E-12    1.000      163244.
 5024.00   7.8373E-12    1.000      165379.
 5026.00   7.8311E-12    1.000      163867.
 5028.00   7.8393E-12    1.000      164043.
 5030.00   7.8331E-12    1.000      163558.
 5032.00   7.8341E-12    1.000      163102.
 5034.00   7.8351E-12    1.000      162803.
 5036.00   7.8288E-12    1.000      161727.
 5038.00   7.8226E-12    1.000      161441.
 5040.00   7.8092E-12    1.000      160520.
 5042.00   7.7958E-12    1.000      158630.
 5044.00   7.7753E-12    1.000      157289.
 5046.00   7.7549E-12    1.000      156252.
 5048.00   7.7487E-12    1.000      156258.
 5050.00   7.7283E-12    1.000      155989.
 5052.00   7.7151E-12    1.000      155946.
 5054.00   7.6948E-12    1.000      157156.
 5056.00   7.6887E-12    1.000      157408.
 5058.00   7.6826E-12    1.000      156791.
 5060.00   7.6766E-12    1.000      156852.
 5062.00   7.6705E-12    1.000      156697.
 5064.00   7.6645E-12    1.000      156683.
 5066.00   7.6584E-12    1.000      155987.
 5068.00   7.6524E-12    1.000      155069.
 5070.00   7.6463E-12    1.000      154974.
 5072.00   7.6544E-12    1.000      153793.
 5074.00   7.6483E-12    1.000      154161.
 5076.00   7.6283E-12    1.000      153660.
 5078.00   7.6222E-12    1.000      153205.
 5080.00   7.6092E-12    1.000      152803.
 5082.00   7.6032E-12    1.000      152490.
 5084.00   7.5903E-12    1.000      151525.
 5086.00   7.5843E-12    1.000      150856.
 5088.00   7.5783E-12    1.000      150818.
 5090.00   7.5724E-12    1.000      150645.
 5092.00   7.5595E-12    1.000      150350.
 5094.00   7.5466E-12    1.000      150231.
 5096.00   7.5268E-12    1.000      149622.
 5098.00   7.5140E-12    1.000      148809.
 5100.00   7.5012E-12    1.000      147032.
 5102.00   7.4884E-12    1.000      145376.
 5104.00   7.4825E-12    1.000      142651.
 5106.00   7.4766E-12    1.000      140773.
 5108.00   7.4708E-12    1.000      138388.
 5110.00   7.4581E-12    1.000      135108.
 5112.00   7.4522E-12    1.000      132530.
 5114.00   7.4396E-12    1.000      130374.
 5116.00   7.4337E-12    1.000      128169.
 5118.00   7.4143E-12    1.000      125724.
 5120.00   7.4085E-12    1.000      122953.
 5122.00   7.3959E-12    1.000      119730.
